10 498 [1 0 0 0 1 1 1 0 1 0 0 1 0 1 1 1 0 1 0 0]
10 575 [1 1 0 0 0 1 0 1 1 0 0 1 1 0 1 1 0 0 1 0]
10 554 [1 1 1 0 0 1 0 0 1 1 1 0 1 0 1 1 0 1 0 1]
10 526 [1 0 1 0 1 0 1 0 1 0 0 1 1 0 1 1 1 0 0 1]
10 507 [1 1 0 1 0 1 0 0 1 1 0 0 0 0 1 1 0 0 1 0]
10 534 [1 0 1 1 1 1 0 0 1 0 0 0 0 1 1 1 0 0 1 0]
10 479 [1 1 0 0 1 0 1 1 0 0 1 1 0 0 0 1 0 0 0 0]
10 500 [1 0 0 0 1 0 1 0 1 0 1 0 0 1 1 1 0 1 1 0]
10 564 [1 0 1 0 1 1 0 0 1 1 0 0 0 1 1 1 1 0 0 1]
10 550 [1 0 0 0 1 0 0 0 1 1 1 1 1 0 1 1 1 0 0 0]
50 588 [1 1 0 0 1 0 0 0 0 1 0 1 0 1 1 0 0 1 1 1]
50 604 [1 1 1 0 1 1 1 0 0 0 1 1 1 0 0 1 0 1 0 1]
50 605 [1 1 0 0 1 0 0 0 0 0 1 1 0 1 1 1 0 1 1 0]
50 570 [1 0 1 0 1 0 0 0 0 1 0 1 0 1 1 1 0 1 0 1]
50 603 [1 0 1 0 1 0 0 1 0 0 0 0 1 1 1 1 0 1 1 1]
50 649 [1 1 1 0 1 0 1 0 0 0 0 0 1 0 1 1 1 1 1 1]
50 569 [1 0 0 0 0 1 0 0 0 1 1 1 1 0 0 1 0 1 1 0]
50 558 [0 0 1 0 1 0 1 0 0 1 0 0 1 1 1 1 0 1 1 0]
50 587 [1 1 0 0 0 1 0 0 1 1 0 1 0 0 1 0 1 1 1 1]
50 603 [1 0 1 0 1 0 0 1 1 0 0 0 0 0 1 1 1 1 1 1]
10 524 [1 0 1 1 0 0 1 0 0 0 0 1 1 1 1 1 0 0 1 0]
10 505 [1 1 0 0 1 1 1 0 1 0 0 0 0 1 1 0 0 1 1 1]
10 560 [1 1 1 0 0 1 1 0 1 0 0 1 1 0 1 0 0 1 1 1]
10 547 [1 1 0 0 1 0 0 0 0 1 1 1 1 0 1 1 0 0 0 0]
10 486 [1 1 1 0 0 1 1 0 1 0 1 1 0 0 1 1 0 0 0 1]
10 552 [1 0 1 0 1 1 0 0 0 0 1 1 0 1 1 1 0 1 0 0]
10 560 [1 0 1 0 1 1 0 0 1 1 1 0 0 0 1 0 0 1 1 0]
10 537 [1 0 1 1 0 0 0 0 1 1 0 0 1 0 1 1 0 1 1 0]
10 510 [1 0 0 0 1 0 1 1 1 1 1 0 0 0 1 1 0 1 0 1]
10 533 [1 1 0 1 0 0 0 1 1 0 0 1 0 0 0 1 1 0 1 1]
15 545 [1 0 1 0 1 1 1 1 1 1 0 1 0 0 1 0 0 0 0 1]
15 538 [0 1 1 0 1 1 0 0 1 0 0 0 1 0 1 1 0 1 1 1]
15 617 [1 1 1 0 0 0 0 0 1 1 0 1 1 0 1 1 0 0 1 1]
15 554 [1 0 0 1 0 0 1 0 0 1 0 1 0 0 0 1 1 1 1 1]
15 531 [1 1 0 1 1 1 1 0 0 0 0 1 0 1 0 1 0 1 0 0]
15 570 [0 1 1 0 1 0 0 1 0 0 0 1 1 0 1 1 0 0 1 0]
15 572 [1 1 0 0 0 0 1 1 0 1 1 0 1 0 1 1 0 0 1 1]
15 539 [1 0 0 1 1 1 1 0 1 0 0 1 1 0 1 0 1 0 1 0]
15 553 [1 1 1 0 0 0 0 1 1 0 1 0 1 0 0 1 0 1 1 1]
15 507 [1 0 1 0 1 0 0 0 1 1 0 0 1 0 1 1 0 1 0 1]
100 649 [1 1 1 0 1 0 0 1 1 1 0 0 0 0 1 1 0 0 1 0]
100 604 [1 1 0 0 1 1 0 0 0 0 0 1 1 0 0 1 0 1 1 0]
100 612 [1 1 1 0 0 1 1 0 1 1 0 1 0 0 1 0 0 1 1 1]
100 627 [1 1 0 1 0 0 1 0 1 1 0 1 1 0 1 1 0 1 1 1]
100 663 [1 1 0 0 1 1 0 0 1 0 0 1 0 0 1 1 1 1 1 1]
100 574 [1 1 0 0 1 0 1 0 1 1 1 0 1 0 0 1 0 0 1 1]
100 598 [1 0 0 1 1 1 0 1 1 1 0 1 0 0 1 1 0 1 0 0]
100 607 [1 1 1 0 0 0 0 0 1 0 0 1 1 1 1 1 0 1 1 0]
100 653 [1 0 1 0 1 0 1 0 1 1 0 1 1 0 1 1 1 1 0 1]
100 562 [1 0 0 0 1 1 1 0 0 0 0 0 1 1 1 1 1 0 1 0]
200 607 [1 0 0 0 1 0 1 0 1 0 0 1 0 1 1 1 1 1 1 0]
200 645 [1 1 0 0 0 1 0 0 1 1 0 1 1 0 1 1 0 1 1 0]
200 607 [1 0 1 1 1 0 0 0 0 1 0 0 0 1 1 1 0 1 1 1]
200 637 [1 1 1 0 1 0 1 0 0 0 0 1 0 1 0 1 0 1 1 0]
200 639 [1 1 1 0 1 0 0 0 1 1 0 0 1 0 0 1 0 1 1 1]
200 568 [0 1 1 0 1 0 0 0 1 1 1 1 1 0 1 1 0 1 0 1]
200 618 [1 1 0 0 1 0 1 1 0 0 0 1 0 1 1 1 0 0 1 0]
200 646 [1 0 1 0 0 1 0 0 1 1 0 1 1 0 1 1 0 1 1 0]
200 643 [1 1 0 0 1 1 1 0 1 1 0 0 1 0 0 1 0 1 1 0]
200 611 [1 0 1 0 1 0 1 1 1 0 0 0 1 0 1 1 1 0 1 1]
300 610 [1 1 1 0 1 1 0 0 0 0 1 1 0 0 0 1 0 0 1 1]
300 718 [1 1 1 0 1 0 1 0 0 1 0 1 0 0 1 1 0 1 1 0]
300 638 [1 0 1 0 1 0 0 0 1 0 1 1 0 0 1 1 1 1 1 0]
300 666 [1 1 0 0 1 0 0 0 1 1 1 1 0 0 1 1 0 1 1 1]
300 593 [1 0 1 0 1 0 1 0 0 1 0 1 1 1 0 1 0 1 0 1]
300 587 [1 0 1 0 0 0 1 1 1 0 0 1 0 0 0 1 1 1 1 1]
300 638 [1 1 1 0 1 1 0 0 0 0 1 1 0 0 1 1 0 0 1 1]
300 626 [1 0 1 0 1 0 1 0 1 1 0 0 1 0 1 1 0 1 1 0]
300 643 [1 1 0 0 1 0 0 1 0 0 0 1 1 0 1 1 0 1 1 1]
300 627 [1 1 0 0 1 1 0 0 0 0 0 1 0 0 0 1 1 1 1 0]
1 548 [1 0 0 0 1 0 0 0 1 0 0 0 1 1 1 1 1 1 1 0]
1 507 [1 0 0 0 0 1 1 0 0 1 0 0 0 1 0 1 1 0 1 1]
1 243 [0 0 0 1 0 0 1 1 0 1 0 0 0 1 0 0 0 1 0 1]
1 349 [0 0 0 0 0 1 1 0 0 1 0 1 0 0 1 0 0 0 1 1]
1 340 [0 0 0 1 1 1 1 0 1 1 1 0 1 0 0 0 0 1 0 1]
1 457 [1 0 0 0 1 0 0 0 0 0 1 0 0 1 0 1 1 0 1 1]
1 596 [1 0 1 0 0 0 1 0 1 1 1 1 1 0 1 1 0 0 1 0]
1 644 [1 1 0 1 1 0 0 0 1 1 0 1 1 0 1 1 0 0 1 0]
1 490 [0 0 1 0 0 1 1 0 1 1 1 0 0 0 1 1 0 1 1 0]
1 470 [1 0 0 0 1 0 1 0 1 0 1 1 0 0 0 1 0 0 1 0]
1 100 [1 0 0 1 0]
1 152 [1 0 1 0 0]
1 152 [1 0 1 0 0]
1 152 [1 0 1 0 0]
1 160 [1 1 0 1 1]
1 161 [1 0 1 1 1]
1 151 [1 1 0 0 1]
1 0 [0 0 0 0 0]
1 152 [1 0 1 0 1]
1 212 [1 1 1 0 1]
1 121 [0 1 1 0 0]
1 161 [1 0 1 1 1]
1 61 [0 0 1 0 0]
1 161 [1 0 1 1 0]
1 61 [0 0 1 0 0]
1 60 [0 1 0 0 0]
1 70 [0 0 1 1 1]
1 60 [0 1 0 0 1]
1 70 [0 0 1 1 0]
1 61 [0 0 1 0 0]
400 212 [1 1 1 0 1]
400 212 [1 1 1 0 1]
400 212 [1 1 1 0 0]
400 212 [1 1 1 0 0]
400 212 [1 1 1 0 0]
400 212 [1 1 1 0 0]
400 212 [1 1 1 0 0]
400 212 [1 1 1 0 0]
400 212 [1 1 1 0 0]
400 212 [1 1 1 0 1]
400 212 [1 1 1 0 0]
400 212 [1 1 1 0 0]
400 212 [1 1 1 0 0]
400 212 [1 1 1 0 0]
400 212 [1 1 1 0 0]
400 212 [1 1 1 0 0]
400 212 [1 1 1 0 1]
400 212 [1 1 1 0 0]
400 212 [1 1 1 0 1]
400 212 [1 1 1 0 1]
200 212 [1 1 1 0 0]
200 212 [1 1 1 0 0]
200 212 [1 1 1 0 0]
200 212 [1 1 1 0 0]
200 212 [1 1 1 0 1]
200 212 [1 1 1 0 1]
200 212 [1 1 1 0 0]
200 212 [1 1 1 0 1]
200 212 [1 1 1 0 0]
200 212 [1 1 1 0 1]
10 212 [1 1 1 0 1]
10 161 [1 0 1 1 0]
10 161 [1 0 1 1 0]
10 121 [0 1 1 0 1]
10 161 [1 0 1 1 1]
10 212 [1 1 1 0 0]
10 152 [1 0 1 0 0]
10 121 [0 1 1 0 0]
10 121 [0 1 1 0 0]
10 212 [1 1 1 0 1]
10 152 [1 0 1 0 1]
10 161 [1 0 1 1 0]
10 152 [1 0 1 0 0]
10 212 [1 1 1 0 0]
10 212 [1 1 1 0 0]
10 212 [1 1 1 0 0]
10 161 [1 0 1 1 0]
10 151 [1 1 0 0 1]
10 212 [1 1 1 0 1]
10 160 [1 1 0 1 1]
1 9 [0 0 0 1 1]
1 161 [1 0 1 1 0]
1 69 [0 1 0 1 0]
1 60 [0 1 0 0 0]
1 0 [0 0 0 0 1]
1 69 [0 1 0 1 1]
1 151 [1 1 0 0 1]
1 151 [1 1 0 0 0]
1 91 [1 0 0 0 1]
1 60 [0 1 0 0 1]
2 100 [1 0 0 1 1]
2 160 [1 1 0 1 1]
2 152 [1 0 1 0 0]
2 69 [0 1 0 1 1]
2 9 [0 0 0 1 0]
2 121 [0 1 1 0 0]
2 100 [1 0 0 1 1]
2 121 [0 1 1 0 1]
2 69 [0 1 0 1 1]
2 161 [1 0 1 1 0]
45 212 [1 1 1 0 0]
45 212 [1 1 1 0 0]
45 212 [1 1 1 0 0]
45 212 [1 1 1 0 0]
45 212 [1 1 1 0 0]
45 212 [1 1 1 0 1]
45 212 [1 1 1 0 1]
45 212 [1 1 1 0 0]
45 212 [1 1 1 0 1]
45 212 [1 1 1 0 0]
30 212 [1 1 1 0 1]
30 212 [1 1 1 0 0]
30 212 [1 1 1 0 1]
30 212 [1 1 1 0 1]
30 161 [1 0 1 1 0]
30 161 [1 0 1 1 1]
30 212 [1 1 1 0 1]
30 212 [1 1 1 0 0]
30 212 [1 1 1 0 1]
30 212 [1 1 1 0 0]
400 679 [1 0 1 0 1 0 0 0 1 1 0 1 1 0 1 1 0 1 1 1]
400 644 [1 1 0 0 1 0 1 0 1 0 0 1 1 1 1 1 0 1 1 1]
400 619 [1 0 1 0 1 1 1 0 1 0 0 0 1 1 1 1 0 1 1 1]
400 619 [1 1 0 0 1 1 1 0 1 0 1 1 0 0 0 1 0 1 1 1]
400 644 [1 1 0 0 1 1 0 0 0 1 0 0 1 0 1 1 0 1 1 1]
400 643 [1 1 0 0 1 0 0 1 0 1 1 0 0 0 1 1 0 1 1 0]
400 650 [1 1 1 0 1 0 0 0 1 0 0 1 0 0 0 1 1 1 1 0]
400 662 [1 1 1 0 1 0 1 0 1 0 1 1 0 0 1 1 0 1 1 0]
400 626 [1 1 1 0 1 1 0 0 1 0 0 1 0 0 1 1 0 0 1 0]
400 624 [1 0 1 0 1 0 0 1 1 1 1 1 0 0 1 1 0 1 0 0]
400 655 [1 1 1 0 1 0 0 0 1 0 0 1 1 0 1 1 0 1 1 0]
400 629 [1 0 1 0 1 1 1 0 0 0 1 1 1 0 1 1 0 0 1 1]
400 627 [1 1 1 0 1 0 0 0 1 1 1 1 0 0 1 1 0 1 0 0]
400 594 [1 1 0 0 0 0 1 0 0 1 0 1 1 0 0 1 1 0 1 1]
400 631 [1 1 0 1 1 0 1 0 1 1 0 1 0 0 1 1 0 0 1 1]
400 610 [1 0 0 0 1 0 0 1 1 0 1 1 0 1 1 1 0 1 1 0]
400 626 [1 0 0 0 1 1 0 0 0 0 0 1 0 1 1 1 1 1 1 1]
400 642 [1 1 0 0 1 0 1 1 0 1 0 0 0 0 1 1 0 1 1 0]
400 627 [1 1 1 0 1 0 0 0 0 1 0 0 0 0 1 1 0 1 1 1]
400 625 [1 0 1 0 1 0 0 1 0 1 0 1 0 0 0 1 0 0 1 1]
500 624 [1 1 1 0 1 1 0 0 1 0 0 1 0 0 1 1 1 1 0 0]
500 632 [1 1 1 1 1 0 0 0 1 0 0 1 0 0 1 1 0 1 1 0]
500 637 [1 1 0 0 1 1 0 1 1 0 0 1 0 0 0 1 0 1 1 0]
500 657 [1 1 1 0 1 0 1 0 1 0 0 0 1 0 1 1 1 1 1 1]
500 631 [1 1 0 0 1 1 1 0 1 1 1 1 0 0 1 1 0 1 0 1]
500 627 [1 1 0 1 0 0 1 0 1 1 0 1 1 0 1 1 0 1 1 1]
500 621 [1 1 0 0 1 1 0 1 1 1 0 1 0 0 0 1 0 1 0 0]
500 631 [1 1 0 0 1 1 1 0 1 1 1 0 0 0 0 1 0 1 1 0]
500 610 [1 1 1 0 0 1 0 0 1 0 1 1 0 0 1 1 0 1 1 1]
500 664 [1 1 1 1 1 0 0 0 1 0 0 1 1 0 1 1 0 1 1 1]
10 131543 [0 0 1 1 1 1 0 1 1 0 1 0 1 0 1 0 1 0 1 0 1 1 0 0 1 1 1 1 1 0 1 0 1 0 0 0 1
 0 1 1 1 0 1 0 0 1 1 1 0 1 0 1 1 1 0 0 1 0 0 0 1 1 0 0 0 1 1 1 0 1 1 0 1 0
 1 0 0 1 1 0 0 1 1 0 1 1 0 1 0 0 0 0 1 1 1 0 0 0 0 1 1 1 0 0 1 0 0 1 0 0 1
 0 0 1 0 0 0 1 1 1 1 0 0 1 1 1 1 1 0 0 0 0 0 0 0 1 0 1 0 0 0 0 1 1 0 1 0 0
 1 1 1 1 1 1 1 0 1 0 1 0 0 0 0 1 1 1 0 0 1 1 0 1 1 0 1 1 1 0 1 0 0 0 0 1 0
 0 1 0 1 0 0 0 0 1 1 0 1 1 0 0]
10 131163 [0 0 1 1 1 0 1 1 0 0 1 1 1 1 0 1 0 1 0 0 0 1 0 1 0 1 0 0 0 0 0 1 0 0 0 1 0
 1 1 0 0 0 1 1 1 0 0 0 1 0 1 1 1 1 1 1 0 0 0 1 0 0 0 0 1 1 0 0 1 1 1 1 0 1
 1 1 0 1 1 0 1 0 0 1 0 0 1 0 1 0 0 1 1 1 0 0 1 0 1 0 1 0 0 0 1 0 1 1 1 0 1
 0 1 1 1 0 0 1 0 0 1 1 1 0 1 0 1 1 0 0 0 0 1 1 0 0 0 1 0 0 1 0 1 0 1 0 1 0
 0 1 1 1 0 0 1 1 1 1 0 0 1 1 0 1 0 1 1 0 0 1 1 0 0 0 0 0 1 0 0 1 1 1 1 1 0
 1 0 1 1 0 0 0 0 1 1 0 0 1 1 1]
10 130472 [1 0 0 1 1 1 1 0 1 0 0 0 1 0 1 1 1 0 1 0 1 0 0 0 0 0 0 0 0 0 1 0 1 1 0 0 1
 0 0 1 1 1 1 1 1 1 0 0 1 0 1 1 0 0 0 1 0 0 0 0 1 0 0 1 1 1 1 1 0 0 0 0 1 0
 1 1 0 1 1 0 0 1 1 0 1 1 0 0 1 1 0 0 1 1 1 0 1 1 0 0 0 0 1 0 1 1 0 1 0 0 1
 1 0 0 0 1 1 1 1 0 0 0 1 1 0 1 1 0 0 0 1 1 0 0 1 1 1 1 1 1 0 1 0 1 0 1 1 1
 0 0 1 0 0 1 0 1 0 1 1 1 1 1 0 1 0 0 0 1 1 1 1 0 0 0 0 1 0 1 1 0 0 0 1 0 1
 0 1 1 1 0 1 0 0 1 1 0 0 1 1 0]
10 132175 [1 0 0 1 1 1 1 1 0 0 0 1 0 1 1 1 1 0 0 1 0 0 0 1 1 1 1 1 1 1 0 0 0 0 0 0 0
 0 1 1 0 1 0 1 0 1 0 1 0 0 0 0 0 0 1 0 1 0 1 1 1 0 1 1 1 0 0 0 0 0 0 1 0 1
 1 1 0 0 0 1 0 0 0 1 0 1 1 1 1 0 0 0 1 1 1 0 0 0 0 1 0 0 0 1 1 1 0 0 1 1 0
 1 1 0 1 1 1 1 0 1 0 1 0 1 0 0 1 1 1 0 1 1 1 1 0 1 1 1 1 0 0 1 1 1 1 1 0 1
 1 0 1 1 0 1 0 0 1 1 1 0 1 1 1 1 0 1 1 1 1 0 0 0 0 1 0 0 1 0 1 1 0 0 1 0 1
 0 0 0 1 0 0 1 1 0 0 0 1 1 0 0]
10 130235 [0 1 0 0 0 1 1 0 0 0 1 1 1 1 1 1 1 1 1 0 0 0 1 0 0 1 0 1 1 1 0 1 1 0 1 0 0
 0 0 1 0 0 0 0 1 1 1 1 0 0 1 0 1 0 0 1 1 0 1 1 0 1 1 1 0 1 0 1 0 1 0 1 0 0
 1 1 0 0 0 1 0 0 1 1 1 0 1 1 1 0 0 0 0 1 0 1 0 1 1 0 0 0 1 1 0 1 1 1 1 0 0
 1 0 1 1 1 1 1 0 1 1 1 1 1 1 0 0 0 1 1 0 1 0 0 0 0 0 0 1 0 1 0 1 1 0 0 1 0
 1 0 1 1 0 1 1 0 1 1 0 1 1 1 0 0 0 0 1 1 1 0 0 1 0 0 1 0 0 0 1 0 0 0 0 1 0
 1 1 0 1 1 0 1 1 1 0 1 0 1 1 0]
10 132435 [1 1 1 0 0 0 0 1 1 0 1 1 1 0 1 1 1 0 1 1 0 1 0 0 1 1 1 0 0 1 1 0 0 1 0 0 0
 1 1 0 1 0 1 0 1 0 1 1 1 1 1 1 1 0 1 0 0 1 1 1 1 0 0 0 1 0 1 0 0 1 1 0 0 1
 0 0 1 1 0 1 1 0 1 0 0 1 0 0 0 0 1 0 0 1 0 0 1 0 1 1 0 0 0 1 1 1 0 0 1 1 1
 1 0 0 1 0 1 0 0 1 1 0 1 0 1 1 1 1 0 1 0 1 0 1 1 1 1 1 0 0 1 0 0 1 0 0 0 0
 0 1 0 1 1 0 1 1 1 0 1 1 1 1 1 0 1 0 0 1 0 1 1 1 0 1 0 1 0 1 0 1 0 0 1 0 0
 1 0 1 1 0 0 0 0 1 1 0 0 0 0 0]
10 130859 [1 0 0 0 1 0 1 1 0 1 1 1 0 1 0 0 1 0 0 1 1 0 1 1 0 1 0 0 1 0 0 0 0 0 1 0 1
 0 1 0 0 0 1 1 1 0 1 0 0 1 0 0 0 0 1 0 1 1 0 1 1 1 0 1 0 0 1 0 1 0 0 0 1 0
 0 0 0 1 1 0 1 0 0 1 1 0 0 0 1 1 1 0 0 0 0 1 0 1 0 0 1 0 0 0 1 0 1 1 0 1 1
 0 0 0 0 1 0 0 0 1 1 1 1 1 1 0 1 1 0 0 1 0 1 0 0 1 1 0 0 1 0 1 0 1 1 0 0 0
 1 0 0 0 0 1 1 1 0 1 0 1 0 1 0 0 1 1 1 0 1 1 0 1 0 1 0 1 0 0 1 1 0 1 1 1 1
 0 0 1 0 1 0 1 0 0 1 1 1 0 0 1]
10 131417 [0 1 0 0 0 0 1 0 0 0 0 0 0 1 0 1 1 1 0 0 1 0 0 1 0 1 1 1 0 0 1 1 0 1 1 0 1
 0 1 0 1 1 0 1 1 1 0 1 1 1 0 1 0 0 0 1 1 0 0 1 1 1 0 1 1 0 0 1 1 1 1 1 0 0
 0 0 1 0 0 1 1 1 1 0 1 1 0 0 0 1 0 0 0 1 0 0 1 1 0 0 1 0 0 1 1 0 1 1 0 1 0
 1 1 1 1 0 1 1 1 0 1 1 0 1 1 1 1 1 0 0 0 0 0 1 1 0 0 1 1 1 1 0 0 1 0 0 0 1
 0 0 1 0 0 0 0 1 1 0 0 1 1 0 0 0 1 0 0 1 1 0 1 1 1 0 1 0 0 1 0 0 0 1 1 0 1
 0 0 1 0 1 0 1 0 0 0 1 0 1 0 1]
10 131633 [1 0 1 0 1 1 0 1 0 0 1 1 0 0 0 1 0 1 0 0 1 1 0 1 1 0 1 1 0 0 1 0 0 1 1 0 0
 1 1 1 0 0 1 1 1 1 1 0 0 1 0 1 1 1 1 1 1 1 1 1 0 1 1 0 0 1 0 1 0 1 0 0 1 1
 1 0 0 1 1 1 0 0 0 0 0 0 0 1 0 0 1 1 0 0 1 1 1 1 0 0 1 0 0 1 0 0 1 1 0 1 1
 1 0 1 1 1 1 0 1 0 0 0 1 0 0 0 0 0 0 0 1 0 0 0 1 0 0 0 1 1 0 1 0 1 1 1 0 0
 1 0 0 0 0 0 0 1 1 0 0 1 0 1 1 1 0 0 1 1 0 1 0 0 0 1 1 1 0 1 0 1 0 1 0 1 1
 1 0 0 0 0 1 0 1 0 0 0 0 0 0 0]
10 129230 [1 0 0 0 1 1 0 0 1 0 1 1 1 0 0 0 1 1 1 1 0 1 0 1 0 0 1 0 0 1 1 0 0 1 1 1 0
 1 1 1 0 1 0 0 1 0 1 0 1 1 0 0 1 0 1 1 0 0 1 1 1 0 0 0 1 1 0 1 0 0 1 0 0 1
 1 1 0 0 1 0 0 1 0 0 1 0 0 1 1 0 0 0 0 1 1 0 0 0 1 1 1 0 1 0 1 1 1 0 0 1 1
 0 0 1 0 0 1 1 0 1 1 1 0 1 0 0 0 0 0 0 0 0 0 1 1 1 0 1 0 0 1 0 1 0 0 0 0 0
 1 0 1 0 1 1 0 1 0 0 1 0 1 0 0 0 1 1 1 0 0 0 1 1 0 0 0 1 1 0 1 1 1 0 0 0 1
 0 0 0 0 0 0 0 1 1 1 0 0 1 0 1]
10 485 [1 0 0 1 1 1 1 1 0 0 1 0 0 0 1 1 1 0 0 0]
10 543 [1 1 1 0 1 0 0 0 1 0 1 0 0 0 0 1 0 1 1 0]
10 535 [1 0 1 0 1 0 1 1 0 1 0 0 1 1 0 1 0 0 0 1]
10 597 [1 0 1 0 1 1 1 1 1 1 0 0 0 0 1 1 0 1 0 0]
10 546 [1 1 0 0 0 0 1 0 1 1 0 0 1 0 1 1 0 1 1 0]
10 545 [1 1 0 0 0 1 1 1 0 0 1 0 0 0 1 1 0 1 1 1]
10 458 [1 0 1 0 1 0 1 1 1 0 0 0 0 0 0 0 0 1 1 1]
10 537 [1 0 0 0 1 1 0 1 1 0 1 0 0 0 0 1 1 0 1 1]
10 519 [1 1 1 1 0 1 0 0 0 0 0 0 0 0 1 1 0 1 1 1]
10 540 [0 1 0 0 1 1 1 0 0 1 0 0 0 0 1 1 0 1 1 0]
10 600 [1 1 1 0 1 1 1 0 1 1 0 0 0 0 1 1 0 1 0 1]
10 621 [1 0 1 0 1 0 1 0 1 1 0 1 0 0 1 1 1 1 0 1]
10 598 [1 0 0 1 1 1 0 0 1 1 0 1 0 0 1 1 0 0 1 1]
10 512 [1 1 1 1 0 0 0 0 0 1 0 0 0 0 1 1 1 1 0 1]
10 436 [1 1 1 1 0 1 0 0 1 0 1 0 1 0 1 1 0 0 0 0]
10 517 [1 1 0 0 0 0 1 1 1 0 0 1 0 1 0 1 1 1 0 1]
10 461 [0 0 1 0 1 1 0 1 0 0 1 1 0 0 1 0 1 1 0 1]
10 531 [1 0 0 1 0 0 1 0 0 1 1 1 0 0 0 1 1 0 1 1]
10 557 [1 1 0 0 0 1 1 1 0 1 0 1 0 0 1 0 0 0 1 0]
10 521 [0 1 1 0 1 0 0 1 0 0 0 0 0 0 1 1 1 0 1 0]
10 479 [1 1 1 0 1 0 1 0 1 0 1 0 1 0 1 1 0 0 0 0]
10 546 [1 0 0 1 1 0 0 0 1 1 0 1 1 0 1 0 0 1 1 0]
10 529 [1 0 1 0 0 0 1 1 1 1 0 0 0 0 1 1 0 0 1 0]
10 637 [1 0 0 0 1 0 0 0 0 1 0 1 1 0 0 1 1 1 1 0]
10 531 [1 1 0 1 1 0 0 1 1 1 0 1 0 0 1 0 0 1 0 0]
10 474 [1 1 0 1 1 0 1 0 1 1 0 0 0 0 0 1 0 1 0 0]
10 543 [1 1 0 0 1 1 0 0 1 1 0 1 1 0 1 0 0 1 0 0]
10 555 [1 1 1 0 1 0 0 0 1 1 0 1 0 0 0 0 0 0 1 1]
10 594 [1 1 0 0 0 1 1 1 1 0 0 1 1 0 1 1 0 0 1 0]
10 485 [0 0 0 0 1 1 1 0 0 1 0 0 0 1 1 0 1 1 1 0]
10 523 [0 0 1 0 1 0 1 0 1 1 1 0 0 0 1 1 0 1 1 0]
10 541 [1 0 0 1 1 1 0 0 1 1 0 0 0 0 0 1 0 1 1 1]
10 581 [1 1 0 0 0 0 0 0 1 1 0 0 0 1 1 1 1 1 1 1]
10 531 [1 0 1 1 0 0 1 0 0 0 0 1 0 0 0 1 1 1 1 1]
10 504 [1 0 0 0 1 1 1 0 1 0 0 0 1 1 0 0 1 1 1 1]
10 524 [1 0 1 0 1 1 1 1 1 0 1 1 0 0 1 0 0 1 0 0]
10 611 [1 0 1 0 1 0 0 0 0 1 0 1 0 0 0 1 0 1 1 0]
10 450 [1 1 0 0 1 1 1 1 0 0 0 0 0 0 0 0 1 1 0 0]
10 494 [0 0 0 0 1 0 1 1 0 1 0 1 0 1 1 1 0 1 0 1]
10 592 [1 1 0 0 0 0 0 1 1 0 1 1 1 0 1 1 0 1 1 1]
10 503 [1 1 0 1 0 0 1 0 1 1 0 1 1 0 1 0 0 0 1 1]
10 525 [0 1 1 0 1 0 0 1 0 0 0 1 1 0 1 1 1 0 0 0]
10 538 [0 1 0 0 1 0 1 1 1 0 0 0 1 1 1 1 0 1 1 0]
10 521 [1 1 0 0 1 0 0 0 1 1 1 0 0 0 0 1 1 1 0 1]
10 509 [1 0 0 1 1 1 0 1 0 0 0 1 0 1 0 1 0 1 0 1]
10 546 [1 0 0 0 1 1 0 0 0 0 0 1 1 0 1 0 1 1 1 0]
10 576 [1 1 0 0 1 1 0 0 0 1 1 1 0 0 0 1 0 1 0 0]
10 548 [0 1 1 0 0 0 1 0 1 1 1 1 0 0 0 1 0 1 1 1]
10 502 [1 0 1 0 0 1 0 1 0 1 1 0 0 0 0 0 0 1 1 0]
10 510 [1 0 1 0 0 1 1 0 1 1 1 0 0 0 0 1 0 0 1 0]
10 555 [1 0 0 0 1 0 1 0 1 0 1 0 0 1 1 1 1 1 1 1]
10 510 [0 0 1 1 1 0 0 1 0 0 1 0 1 0 1 1 0 1 1 1]
10 542 [0 1 0 0 1 0 1 0 1 0 1 1 1 0 1 1 0 1 1 1]
10 559 [1 1 0 0 1 1 1 0 1 1 1 0 0 0 1 1 0 1 0 1]
10 651 [1 0 1 0 1 0 1 1 1 1 0 0 0 0 1 1 0 1 1 0]
10 513 [0 1 0 1 1 0 1 1 1 0 0 1 0 0 1 1 0 0 1 1]
10 505 [1 1 1 0 1 0 0 0 0 0 0 0 0 1 1 0 1 0 1 1]
10 438 [1 1 0 1 0 0 0 1 1 0 0 0 1 0 0 1 0 0 1 0]
10 581 [1 0 1 0 1 0 0 0 1 0 0 1 1 1 1 1 1 1 0 0]
10 540 [0 0 0 1 1 0 0 0 0 1 0 1 1 0 1 1 1 0 1 1]
50 636 [1 1 1 0 1 1 1 0 1 0 1 0 0 0 1 1 0 1 1 1]
50 578 [1 1 0 0 1 0 0 1 1 0 0 1 1 0 0 1 1 1 0 1]
50 575 [1 0 0 0 1 0 0 1 0 0 1 1 1 0 0 1 0 1 1 1]
50 622 [1 1 1 0 1 1 0 0 0 1 1 1 0 0 1 1 0 0 0 1]
50 612 [1 1 1 0 1 0 0 1 1 0 0 1 1 0 1 1 0 1 0 0]
50 581 [1 1 1 0 1 1 1 0 0 1 0 0 1 0 1 1 0 0 0 1]
50 559 [1 0 1 1 1 0 0 0 1 1 0 1 0 1 0 1 0 1 0 1]
50 555 [1 1 0 0 1 1 0 0 0 1 0 0 0 1 1 1 1 0 0 1]
50 594 [1 0 1 0 1 0 0 0 0 1 0 0 0 0 0 1 1 1 1 1]
50 561 [1 0 1 0 1 1 0 1 0 0 0 1 0 1 0 1 0 1 0 1]
100 615 [1 1 1 0 1 0 0 0 0 0 0 1 0 0 1 1 0 1 1 1]
100 585 [1 1 1 0 1 0 0 0 1 1 0 0 0 1 1 0 0 1 1 0]
100 600 [1 1 1 0 1 1 1 0 0 0 1 1 0 0 1 1 0 1 0 0]
100 652 [1 0 1 0 1 1 1 0 0 0 0 1 1 0 1 1 0 1 1 1]
100 583 [1 1 0 0 1 1 1 0 0 1 0 1 1 0 0 0 0 0 1 1]
100 608 [1 1 0 1 0 0 0 0 1 1 0 1 1 0 1 1 0 1 1 0]
100 633 [1 1 1 0 0 1 1 0 0 0 0 1 1 0 1 1 0 1 1 0]
100 631 [1 0 1 0 1 0 1 1 0 0 0 1 0 0 1 1 0 1 1 0]
100 613 [1 0 1 1 1 0 0 1 1 1 0 1 0 0 1 1 0 1 0 0]
100 561 [1 1 0 0 1 1 0 1 0 1 1 0 0 0 0 1 0 1 0 1]
200 648 [1 0 1 0 1 1 0 0 1 1 0 1 0 0 1 1 1 1 0 1]
200 634 [1 1 0 0 1 1 0 1 1 1 0 0 0 0 1 1 0 0 1 1]
200 609 [1 1 0 0 1 1 0 0 1 1 0 0 1 0 1 1 0 0 1 1]
200 640 [1 0 1 0 1 1 1 0 1 0 0 1 0 0 1 1 1 0 1 1]
200 600 [1 1 0 0 1 0 0 1 0 0 0 1 1 0 1 1 0 0 1 0]
200 653 [1 0 0 0 1 0 0 0 0 1 1 1 0 0 1 1 1 1 1 1]
200 669 [1 1 1 0 1 1 0 0 1 0 0 1 0 0 1 1 0 1 1 0]
200 626 [1 1 1 0 1 0 1 0 0 1 0 1 1 0 1 0 0 0 1 0]
200 631 [1 0 1 0 1 0 0 0 1 1 0 1 0 0 0 1 1 0 1 1]
200 599 [1 0 0 1 1 0 1 1 0 0 1 1 0 0 1 1 0 1 1 0]
400 641 [1 1 0 0 1 0 1 0 0 1 0 1 0 0 0 1 1 0 1 0]
400 666 [1 0 1 0 1 0 0 0 0 1 0 1 0 0 0 1 1 1 1 0]
400 601 [1 0 0 1 1 1 0 0 1 1 0 0 1 0 1 1 0 1 1 1]
400 674 [1 1 0 0 1 1 1 0 0 0 0 1 0 0 1 1 1 1 1 0]
400 602 [1 0 1 0 1 0 0 0 1 1 0 0 0 0 0 1 1 1 1 1]
400 660 [1 0 0 1 1 1 1 0 1 1 0 1 0 0 1 1 0 1 1 1]
400 661 [1 1 1 0 1 1 0 0 0 0 0 1 0 0 1 1 0 1 1 0]
400 718 [1 1 1 0 1 0 1 0 0 1 0 1 0 0 1 1 0 1 1 0]
400 639 [1 1 1 0 1 0 0 0 1 1 0 1 1 0 1 1 0 1 0 0]
400 650 [1 1 1 0 1 0 0 0 1 0 0 1 0 0 0 1 1 1 1 1]
500 669 [1 0 1 0 1 0 1 0 1 0 0 1 1 0 1 1 1 1 1 0]
500 652 [1 1 1 0 0 0 0 0 0 1 0 1 1 0 1 1 0 1 1 1]
500 635 [1 0 1 0 1 0 0 0 1 1 0 1 0 1 1 1 0 0 1 0]
500 605 [1 0 0 0 1 0 1 1 1 0 0 1 0 0 0 1 1 1 1 1]
500 643 [1 1 0 0 0 0 1 1 1 1 0 1 0 0 1 1 0 1 1 0]
500 625 [1 1 1 0 0 0 0 1 0 0 0 1 1 0 1 1 0 1 1 1]
500 617 [1 0 1 0 1 1 0 0 0 1 0 1 1 0 1 1 0 1 0 0]
500 641 [1 0 0 0 1 1 0 0 1 1 1 1 1 0 1 1 0 0 1 0]
500 615 [1 0 1 0 1 1 1 0 1 0 0 0 1 0 0 1 1 1 1 0]
500 660 [1 0 0 0 1 0 1 0 0 1 0 1 1 1 1 1 0 1 1 0]
700 686 [1 0 1 0 1 0 1 0 1 1 1 1 0 0 1 1 0 1 1 0]
700 630 [1 1 1 0 1 0 1 0 0 1 0 1 0 0 1 1 1 0 0 1]
700 641 [1 0 1 0 1 0 1 0 1 0 0 1 1 0 0 1 1 1 1 0]
700 637 [1 1 0 0 0 1 0 0 0 1 0 1 1 0 1 1 0 1 1 0]
700 647 [1 0 1 1 1 0 1 0 1 1 0 1 0 0 0 1 0 1 1 1]
700 623 [1 1 0 1 1 0 1 0 0 1 0 1 0 0 1 1 0 0 1 1]
700 675 [1 0 1 1 1 0 1 0 1 1 0 1 0 0 1 1 0 1 1 0]
700 642 [1 1 0 0 1 0 0 0 0 1 0 1 1 0 0 1 0 1 1 1]
700 626 [1 0 0 0 1 1 0 0 0 0 0 1 0 1 1 1 1 1 1 0]
700 636 [1 0 1 0 0 0 1 1 0 1 0 1 0 0 1 1 0 1 1 1]
800 663 [1 1 0 0 1 1 0 0 1 0 0 1 0 0 1 1 1 1 1 0]
800 673 [1 1 1 0 1 1 0 0 0 1 0 0 0 0 1 1 0 1 1 1]
800 635 [1 1 1 0 1 0 0 0 0 0 0 1 1 1 1 1 0 0 1 0]
800 642 [1 0 1 0 1 1 1 1 1 0 0 1 0 0 1 1 0 0 1 1]
800 641 [1 0 0 1 1 1 0 0 1 1 0 1 0 0 1 1 0 1 1 1]
800 668 [1 1 0 0 1 1 1 0 1 1 0 1 0 0 1 1 0 0 1 1]
800 626 [1 1 1 0 1 0 1 0 0 1 0 1 1 0 1 0 0 0 1 1]
800 678 [1 1 0 0 1 0 0 0 1 1 0 1 1 0 1 1 0 1 1 1]
800 632 [1 0 1 0 1 0 0 1 0 0 1 1 0 0 1 1 0 1 1 0]
800 655 [1 0 0 0 1 1 1 0 0 1 0 1 0 0 1 1 1 0 1 1]
1000 653 [1 0 1 0 1 0 1 0 1 1 0 1 1 0 1 1 1 1 0 0]
1000 675 [1 1 0 0 1 1 1 0 0 1 0 1 0 0 0 1 0 1 1 0]
1000 646 [1 0 0 0 1 1 0 1 1 1 0 1 0 0 1 1 0 0 1 1]
1000 669 [1 0 1 0 1 0 1 0 1 0 0 1 1 0 1 1 1 1 1 0]
1000 648 [1 0 1 0 1 1 1 0 1 0 1 1 0 0 1 1 0 1 1 0]
1000 673 [1 0 0 0 1 0 0 0 1 1 0 1 1 0 1 1 1 1 1 0]
1000 618 [1 1 0 0 1 0 1 1 0 0 0 1 0 1 1 1 0 0 1 0]
1000 654 [1 0 0 0 1 1 1 0 1 0 0 1 1 0 1 1 1 1 1 1]
1000 680 [1 1 1 0 1 1 1 0 0 0 0 1 0 0 1 1 0 1 1 1]
1000 664 [1 0 1 0 1 1 1 0 0 1 0 0 1 0 1 1 0 1 1 0]
10 129227 [0 1 0 0 0 1 0 1 1 0 0 0 1 1 1 1 0 0 1 0 1 0 1 0 0 0 0 0 0 1 0 1 1 1 0 1 0
 1 1 0 0 0 0 1 1 0 0 1 0 1 1 0 1 0 1 1 0 0 1 0 0 0 1 1 0 1 1 1 0 1 1 1 0 1
 1 0 1 0 1 0 0 0 0 1 1 1 1 0 0 0 1 1 0 0 1 0 1 1 0 1 1 0 1 0 1 0 1 0 1 0 1
 1 1 0 0 0 0 1 1 0 1 0 0 1 0 0 1 0 0 1 0 0 1 0 0 1 1 0 0 1 0 0 1 1 1 0 1 0
 0 0 0 0 0 1 0 0 0 1 1 0 1 1 0 1 0 0 1 1 0 0 1 0 1 0 0 0 0 0 1 0 1 1 0 0 1
 1 0 1 1 0 1 1 0 1 0 0 1 1 1 0]
10 126946 [1 1 0 1 0 0 0 0 0 0 1 1 1 1 1 1 1 0 1 0 1 0 0 0 1 1 0 1 0 0 1 1 1 1 0 1 0
 0 1 1 0 0 0 1 1 1 0 1 1 1 1 1 1 0 1 1 1 1 1 0 1 0 1 1 0 0 1 0 0 0 0 1 0 1
 1 1 1 1 0 0 0 0 1 0 1 0 0 1 0 0 1 0 1 0 1 1 1 0 1 1 1 0 0 1 0 0 0 0 1 0 0
 0 0 0 1 1 1 0 1 0 0 0 1 1 0 1 0 1 1 0 1 0 0 1 0 1 0 0 1 0 1 1 0 1 1 0 0 0
 1 0 1 1 0 0 1 1 1 0 1 1 1 1 0 1 1 0 0 1 1 1 1 0 1 0 1 0 1 1 1 1 0 1 1 0 0
 0 0 1 0 0 1 0 0 1 1 0 0 0 0 1]
10 130654 [0 0 1 0 0 1 1 1 0 0 0 1 1 1 0 1 0 0 1 1 0 1 1 0 1 1 0 1 0 0 0 1 0 0 1 1 1
 0 0 0 1 1 1 0 0 1 0 0 0 0 1 1 0 0 1 1 1 1 0 1 1 0 0 0 1 1 1 1 1 1 1 0 0 1
 1 0 1 0 1 1 0 0 0 0 0 0 0 0 1 1 1 1 0 1 1 1 1 0 0 1 0 0 1 0 1 1 0 0 0 0 1
 1 1 0 1 1 0 1 0 1 1 0 1 0 0 1 1 0 0 0 1 1 0 0 1 1 0 0 0 1 0 0 1 1 1 0 1 0
 0 1 1 1 1 0 0 1 1 0 0 0 1 1 0 0 0 0 0 1 0 0 1 0 0 0 1 0 0 1 0 0 1 1 0 0 1
 0 1 1 0 0 0 1 0 1 0 0 0 1 1 0]
10 130356 [0 0 1 0 1 0 0 0 0 0 0 1 1 1 0 0 0 1 0 1 1 1 1 0 0 1 0 1 1 0 0 0 1 0 1 1 1
 0 1 0 0 0 0 1 0 1 0 1 0 0 0 1 1 0 0 1 1 1 0 1 0 1 0 1 0 0 1 1 0 1 0 0 1 1
 1 1 0 0 1 0 1 0 0 0 0 0 0 0 1 0 0 1 1 0 1 1 1 1 1 1 0 1 0 1 1 1 0 1 0 1 1
 0 0 0 0 1 1 1 0 0 0 0 1 0 0 0 1 1 0 1 0 1 1 1 0 1 1 1 1 0 0 1 1 1 1 0 0 1
 1 0 0 1 1 0 0 0 1 0 1 0 0 1 0 1 0 0 1 1 1 0 1 1 0 1 0 0 1 1 0 0 1 0 0 0 0
 1 0 0 0 0 0 1 0 0 0 1 0 0 0 1]
10 128908 [0 1 1 1 1 0 0 1 0 0 0 1 0 1 0 0 1 1 1 0 1 0 0 1 1 0 1 1 1 1 1 0 1 0 0 0 0
 1 0 1 1 1 0 0 0 1 1 0 0 0 0 1 0 1 0 1 1 0 1 1 1 0 0 1 1 0 1 0 0 1 1 1 0 1
 0 0 1 0 1 1 1 0 0 0 1 0 0 0 1 0 0 0 0 1 0 0 1 0 1 0 1 0 1 1 0 0 0 0 0 0 1
 1 1 0 1 0 0 0 0 0 1 1 1 1 0 0 0 0 1 0 0 0 1 0 0 0 0 1 1 0 0 0 1 1 1 0 1 0
 1 0 0 1 1 0 0 1 0 0 1 0 1 1 1 1 1 1 1 1 1 0 0 1 1 0 1 1 1 1 0 0 0 1 0 1 0
 1 1 0 0 1 1 1 1 1 0 1 1 1 1 1]
10 130393 [0 1 1 1 0 1 0 1 1 1 1 1 1 0 0 0 0 1 0 1 0 0 0 1 0 1 1 1 1 0 1 1 0 0 0 1 1
 1 1 1 1 0 0 1 0 1 1 0 0 0 0 1 0 1 1 0 0 1 1 1 0 0 0 0 0 1 0 0 1 1 1 1 0 1
 0 0 0 0 0 1 1 1 1 0 1 1 0 0 1 0 0 0 0 0 0 1 1 1 0 1 0 1 1 1 0 0 0 1 1 1 0
 1 0 1 0 0 0 0 1 1 0 1 0 0 0 0 0 1 1 1 1 0 1 0 1 1 1 0 0 0 0 0 0 0 1 1 1 1
 0 1 0 1 1 1 0 0 1 1 0 1 0 1 0 0 0 0 1 1 1 0 1 0 1 0 0 1 1 0 1 0 1 0 0 0 0
 1 1 1 0 0 0 0 1 1 0 1 1 0 0 0]
10 131670 [1 1 1 1 0 1 0 0 0 1 0 0 0 0 1 1 0 1 1 1 1 1 0 0 0 0 0 0 0 0 1 1 1 0 0 1 0
 1 0 0 1 0 0 1 1 1 0 1 1 1 1 0 1 0 1 1 0 1 1 0 0 0 0 0 1 1 1 0 1 0 1 1 0 0
 0 1 0 1 1 1 0 1 1 1 1 0 0 1 1 1 0 0 1 1 1 1 0 1 1 1 1 1 1 0 1 0 0 0 0 0 0
 0 0 1 1 0 1 1 1 1 1 1 0 0 1 0 1 1 1 0 0 0 0 1 1 1 0 1 1 0 1 0 1 0 0 1 1 0
 1 0 1 1 1 1 0 0 1 0 0 0 0 0 1 1 1 1 1 0 0 1 1 1 0 0 1 0 0 0 0 0 1 1 1 0 1
 0 0 1 1 1 1 0 0 1 1 0 1 0 0 0]
10 129988 [1 1 0 1 0 1 0 0 0 0 0 0 0 0 0 0 1 0 0 1 1 1 0 1 1 0 0 0 0 0 0 1 0 0 1 0 1
 1 1 0 1 0 0 0 0 1 0 1 0 1 1 0 1 1 1 0 0 0 1 0 1 0 1 1 1 1 0 1 1 1 0 1 0 0
 0 1 1 1 1 0 1 1 0 0 1 1 1 0 1 0 0 0 0 0 0 1 1 0 0 1 1 0 0 1 1 1 0 0 1 0 0
 1 1 0 0 1 0 0 1 1 1 0 0 1 1 0 0 0 1 1 0 1 0 1 1 0 1 0 1 1 0 0 1 1 0 0 1 0
 1 0 0 1 1 0 1 1 0 1 1 0 0 1 1 1 0 0 1 1 1 1 1 1 0 1 1 0 1 0 1 0 1 0 1 1 1
 0 1 1 1 1 1 0 0 0 1 0 1 1 0 1]
10 130050 [0 1 1 0 0 1 1 0 1 1 1 0 0 0 1 0 0 1 0 0 0 1 0 0 0 0 1 0 1 1 1 1 0 0 0 0 0
 0 0 1 0 1 1 0 1 1 1 1 1 1 1 1 0 1 1 0 1 0 1 0 0 1 1 0 0 1 1 1 0 1 1 1 1 0
 0 1 0 1 0 1 1 1 0 1 1 0 1 0 1 0 1 1 0 0 1 0 1 1 1 0 1 0 1 0 1 0 1 0 0 0 0
 1 0 0 1 0 0 1 0 0 0 1 0 1 1 0 0 0 1 1 1 0 0 0 1 0 0 0 1 1 0 0 1 1 0 0 1 1
 1 1 1 0 0 1 0 0 0 1 0 0 1 0 1 1 1 1 0 0 0 1 1 1 1 1 0 1 0 0 1 0 0 1 0 0 0
 1 0 0 0 0 1 0 1 1 0 1 1 1 0 1]
10 129261 [1 0 0 0 1 1 0 0 0 0 1 0 0 0 0 1 1 1 1 0 0 1 1 1 0 1 0 0 0 0 1 0 1 1 1 0 1
 1 0 0 0 0 1 0 0 1 1 1 0 1 0 0 1 0 1 0 0 0 1 0 1 0 1 1 0 0 1 0 1 0 1 0 1 1
 1 0 1 1 1 0 0 0 1 0 1 0 1 1 1 0 0 1 0 1 0 1 0 1 0 1 1 1 0 1 0 0 0 0 1 1 0
 1 0 0 0 1 1 1 1 0 0 1 1 0 0 0 1 0 1 1 1 1 1 1 1 1 1 1 0 1 0 1 0 1 0 1 0 1
 0 0 0 0 0 0 0 1 1 0 0 1 0 1 0 1 1 0 1 1 1 0 0 0 1 1 1 0 1 0 0 1 1 0 0 1 1
 1 1 0 1 0 0 0 0 1 0 1 0 0 1 0]
50 131739 [1 1 1 0 0 1 1 1 1 0 0 0 0 0 1 1 1 1 0 0 0 1 0 1 1 0 1 0 0 1 0 1 1 1 1 1 0
 0 0 0 1 0 1 0 1 0 0 1 1 0 1 1 0 0 1 1 0 1 0 0 0 0 0 1 1 0 1 1 1 1 0 1 0 0
 0 0 1 1 0 1 1 0 1 1 1 0 0 1 1 1 1 0 0 1 0 1 0 0 1 0 1 0 1 1 0 0 0 1 0 1 0
 1 1 0 1 1 0 0 1 1 1 0 0 0 0 1 0 1 1 0 1 1 1 0 1 1 1 1 1 0 0 0 0 0 0 1 1 0
 1 0 1 1 0 0 1 1 1 0 0 1 1 0 0 0 1 1 1 0 1 0 0 1 1 1 1 0 1 1 0 1 0 0 1 1 1
 1 0 0 1 0 1 0 1 0 1 0 1 0 1 0]
50 131761 [1 0 0 1 1 0 0 0 1 1 1 0 1 0 0 0 1 0 1 0 1 0 0 0 1 1 0 0 1 1 0 0 1 1 1 1 1
 0 0 1 1 0 1 1 0 1 1 1 0 0 1 1 0 1 0 0 0 1 0 1 1 1 0 1 0 0 1 1 0 1 1 0 1 0
 0 1 0 1 0 1 0 0 0 1 0 1 1 0 1 0 0 0 0 1 0 0 0 1 0 0 0 0 1 0 0 0 1 1 0 1 1
 0 1 1 0 0 1 1 1 0 0 0 1 1 1 0 1 0 0 1 0 0 1 0 0 1 1 1 0 0 0 0 1 1 1 0 0 1
 1 0 1 0 0 1 1 1 0 0 1 0 0 0 0 1 1 0 0 0 0 0 0 0 1 0 0 0 1 1 1 1 1 1 1 0 1
 1 1 1 1 1 1 0 1 0 0 0 1 1 0 0]
50 131857 [1 1 0 0 0 1 0 1 1 0 0 0 1 0 1 1 0 0 0 1 0 1 0 1 1 0 0 0 0 1 0 1 0 0 0 0 1
 1 1 0 1 0 1 0 1 1 0 0 0 0 0 0 1 1 0 1 0 1 1 0 0 1 1 0 1 0 1 1 0 0 0 1 1 1
 0 1 1 1 1 0 1 0 1 0 1 1 0 0 1 0 1 0 1 0 1 1 1 0 1 1 0 0 1 1 1 1 1 0 0 0 1
 0 0 1 1 0 0 0 1 1 1 0 1 0 1 0 1 0 1 0 1 1 0 0 1 1 0 1 0 0 0 0 1 0 1 0 0 1
 0 0 1 0 0 1 1 0 1 0 0 0 1 0 1 1 1 1 0 1 1 0 1 1 0 1 1 0 0 1 1 0 0 1 0 0 1
 1 0 1 1 1 1 1 1 1 0 1 0 0 0 0]
50 131551 [1 1 0 0 0 0 1 1 1 0 1 1 1 1 0 1 0 1 1 1 0 0 0 0 0 0 1 1 1 0 1 1 1 0 1 0 0
 1 1 0 1 1 0 0 0 1 0 0 1 1 1 0 0 0 0 1 1 1 0 0 0 1 1 0 0 0 1 0 1 0 1 0 0 1
 0 0 1 1 0 0 0 0 1 0 0 0 0 1 1 1 1 1 0 0 0 0 0 1 0 0 1 1 1 0 1 1 1 1 1 1 1
 0 1 0 1 1 1 0 0 1 1 1 1 1 1 1 0 1 1 0 0 1 0 0 0 0 1 0 0 0 0 1 0 1 0 1 1 0
 1 0 1 0 0 0 1 0 0 0 0 0 0 1 1 0 1 1 1 0 1 1 1 1 1 0 0 0 1 0 0 0 1 0 0 0 0
 0 1 0 1 1 0 0 0 0 0 0 1 0 0 1]
50 131527 [0 1 0 1 0 0 0 1 0 1 1 0 0 0 0 1 1 0 1 1 0 0 1 0 1 0 0 1 1 0 0 0 0 1 1 1 0
 0 1 0 0 0 1 0 0 0 1 0 0 1 0 1 1 1 0 1 0 0 1 0 0 0 0 0 1 1 0 1 0 1 1 0 1 0
 0 1 0 0 1 1 1 1 1 0 0 1 1 0 0 1 0 1 0 0 0 0 0 1 0 1 0 1 1 1 0 0 1 0 1 1 1
 1 0 1 1 0 1 0 0 1 1 1 0 1 1 1 1 0 0 1 0 1 1 0 1 1 0 1 0 0 0 1 0 0 0 1 1 1
 1 1 0 0 1 0 0 1 1 1 1 0 1 0 0 0 0 0 1 1 0 1 1 1 1 1 1 0 0 0 1 0 0 0 1 0 1
 1 0 0 1 0 1 0 0 1 0 1 0 0 0 0]
50 132123 [0 1 1 1 0 0 0 1 0 0 1 1 1 1 1 0 1 1 1 0 1 1 1 0 1 1 1 1 1 0 0 1 1 1 1 0 1
 0 0 1 1 0 0 1 0 1 0 1 1 1 1 0 1 1 1 0 1 1 0 0 1 1 0 1 0 1 1 1 1 1 1 1 0 1
 0 1 0 0 1 0 1 1 0 0 0 0 1 0 0 0 0 0 1 0 0 0 1 0 0 1 0 0 0 1 0 1 0 0 0 1 0
 0 1 1 0 0 1 1 1 1 0 0 1 1 1 0 1 0 0 1 0 1 1 1 1 0 1 0 0 1 1 0 0 1 0 1 1 0
 0 1 1 0 1 0 1 0 1 0 0 0 1 1 0 1 0 0 1 0 1 0 1 0 1 0 1 0 1 1 0 1 1 1 1 0 1
 1 1 0 0 0 0 0 0 0 1 0 1 1 0 1]
50 131799 [0 0 1 0 0 1 1 0 1 1 1 0 0 0 1 1 0 0 1 1 1 0 1 1 0 0 1 0 1 1 1 0 0 1 1 1 0
 0 0 1 0 0 1 1 0 0 0 0 1 0 0 1 1 0 0 0 0 0 1 0 1 0 1 0 0 1 1 1 0 0 1 0 1 0
 1 1 0 0 1 0 1 0 1 1 0 1 1 1 0 0 1 1 0 0 0 1 1 0 0 0 1 0 0 0 0 0 0 0 1 1 1
 1 1 1 0 1 0 0 0 1 1 1 0 1 0 1 0 1 1 1 1 1 0 1 1 0 1 1 1 1 1 1 1 1 1 0 1 1
 0 0 1 0 0 0 0 1 0 1 1 0 1 0 1 1 0 1 0 1 0 1 0 1 0 0 1 0 0 1 0 0 0 0 0 1 0
 0 1 1 1 1 0 1 1 0 1 1 1 0 0 0]
50 130938 [0 1 1 1 1 1 0 0 1 0 1 1 1 0 1 0 1 0 0 1 0 1 1 1 1 0 0 1 0 0 1 1 0 0 0 0 1
 1 1 1 1 0 0 1 0 0 1 0 0 0 1 1 0 0 1 0 0 0 1 1 1 1 0 0 0 1 1 1 0 1 1 0 0 0
 1 1 1 0 1 1 1 0 1 0 1 1 1 0 1 1 1 1 0 1 0 1 0 1 1 1 1 1 0 0 1 1 0 1 0 0 0
 1 1 0 1 1 0 0 1 0 1 0 1 1 0 1 1 1 0 1 1 0 0 0 0 0 1 1 0 0 1 1 1 1 1 0 1 0
 1 0 1 1 1 1 0 0 1 0 0 0 0 1 0 1 1 0 1 1 1 1 0 0 0 1 0 0 0 0 0 1 0 0 0 0 1
 1 1 0 0 1 0 0 0 1 0 0 0 0 1 0]
50 132149 [0 0 1 1 1 0 1 1 1 0 1 0 1 0 1 1 1 1 0 1 1 0 1 0 1 1 1 0 0 0 0 0 0 1 1 1 0
 0 0 0 0 0 0 1 0 1 1 0 1 1 1 1 0 0 0 1 1 0 0 1 0 1 0 1 1 1 1 0 1 0 0 0 0 0
 1 0 0 0 0 0 1 1 1 1 0 0 1 0 0 0 1 1 0 0 1 0 0 1 0 0 0 1 1 1 0 1 1 1 0 0 0
 0 1 0 0 0 1 0 0 1 0 0 0 1 0 1 0 0 1 0 0 1 0 0 1 0 1 0 0 0 1 0 0 0 1 0 1 0
 1 1 1 1 1 1 1 0 1 1 1 0 1 0 0 0 0 0 1 1 0 1 0 0 1 1 0 0 0 0 0 1 1 1 1 0 1
 1 1 1 1 1 1 0 0 1 0 1 1 0 1 0]
50 130559 [0 0 0 0 0 1 0 1 1 0 0 0 0 1 0 0 0 0 1 0 0 0 1 1 1 0 0 0 1 0 1 1 1 0 1 1 1
 0 0 0 0 0 1 0 0 1 0 0 1 1 1 1 1 0 1 0 1 0 1 0 1 0 1 0 0 1 0 0 1 1 1 0 1 1
 0 0 1 1 1 1 1 0 0 0 1 1 1 0 0 1 1 1 0 0 1 0 0 0 1 0 0 0 1 0 0 1 0 0 1 1 1
 0 0 0 1 0 1 0 1 1 0 0 1 1 0 0 1 1 1 0 0 1 0 0 0 1 1 1 0 1 1 1 1 1 0 0 1 1
 1 0 1 0 1 1 1 0 0 0 1 1 1 1 1 1 1 1 1 1 0 1 0 1 0 1 1 0 1 1 0 1 0 0 1 1 1
 0 1 0 0 1 1 0 0 1 1 0 1 0 1 1]
100 131495 [1 0 1 0 1 0 1 0 1 1 1 0 1 1 1 0 1 0 1 0 0 0 0 0 0 1 0 0 0 0 1 0 0 0 0 1 1
 1 1 0 0 0 1 1 1 1 1 1 1 1 0 1 1 0 0 1 0 1 1 1 0 1 1 0 0 1 0 1 1 1 1 1 1 0
 1 0 1 0 0 1 1 0 1 0 1 1 1 1 1 1 1 0 1 1 1 0 1 0 0 0 0 0 1 1 0 0 0 0 0 0 1
 0 1 0 0 1 0 0 0 0 0 0 0 1 0 0 0 1 1 0 0 1 0 1 0 1 1 1 0 0 1 1 1 1 0 0 1 1
 1 1 1 0 1 1 0 1 0 1 0 0 0 0 0 0 1 1 0 1 0 0 0 1 1 1 0 1 0 0 1 1 1 0 0 1 1
 1 1 1 0 1 0 0 0 1 0 0 0 1 0 0]
100 131820 [0 1 1 0 1 0 0 1 1 1 1 0 1 1 1 1 0 0 1 0 1 1 0 0 0 1 0 0 1 0 1 1 1 1 1 0 0
 1 1 1 0 1 1 1 1 1 1 0 0 0 1 0 0 1 0 1 1 1 1 0 1 1 1 0 1 0 0 1 0 0 1 0 0 1
 0 1 0 0 1 1 1 1 0 0 0 0 1 1 1 0 0 1 0 1 0 0 0 1 0 0 0 0 0 1 0 1 1 1 0 1 0
 1 0 0 1 0 0 1 0 1 1 0 0 0 0 1 0 1 1 0 1 0 0 0 1 1 1 0 1 0 1 0 1 1 1 0 1 0
 0 0 0 1 0 1 1 1 1 0 1 1 1 1 0 1 0 0 1 0 1 0 0 1 0 0 1 1 0 1 1 1 0 0 0 0 1
 0 1 1 1 0 1 1 0 0 0 1 0 1 1 1]
100 131520 [0 1 0 0 0 0 1 1 1 1 0 0 1 1 0 1 1 1 0 0 1 1 0 1 1 0 1 1 0 1 1 0 0 0 1 0 0
 1 1 0 0 0 0 1 0 0 1 1 0 1 0 0 1 1 0 1 1 0 0 1 1 0 1 0 1 0 0 0 0 0 1 1 0 0
 0 1 1 0 0 1 1 0 0 0 0 1 0 1 1 1 0 0 1 1 0 1 0 0 1 1 0 1 0 0 0 1 0 0 0 1 1
 0 1 1 0 0 1 0 1 0 1 1 0 0 0 1 0 0 0 1 0 0 1 0 0 0 1 0 0 1 1 1 1 1 1 1 0 1
 1 0 1 0 0 1 1 0 1 0 1 1 0 1 0 1 1 0 0 1 1 0 1 0 0 1 1 0 1 1 0 0 0 1 1 0 1
 0 1 0 1 1 0 0 1 1 0 0 1 1 1 0]
100 132182 [0 0 0 0 1 0 1 1 1 0 1 1 0 1 1 0 1 1 0 1 0 0 0 0 0 1 1 1 0 0 1 1 0 1 0 1 1
 0 0 0 1 0 0 1 1 1 1 0 1 0 1 1 1 1 0 1 0 1 1 1 1 0 1 0 1 0 0 1 1 1 0 0 1 0
 0 1 0 0 0 0 1 1 1 1 1 1 1 0 0 0 1 0 1 1 0 1 1 1 1 1 0 1 0 1 0 1 0 0 1 0 0
 1 0 1 0 0 0 0 0 0 1 0 0 1 1 0 0 0 1 1 1 1 0 1 0 1 0 1 0 1 0 1 0 0 1 1 0 1
 1 1 1 1 1 0 1 1 0 0 1 1 0 1 1 0 1 1 0 1 0 1 1 0 1 0 1 1 0 0 0 0 1 1 0 0 0
 1 1 1 0 1 1 1 0 0 1 0 1 0 0 0]
100 130886 [0 0 1 1 1 1 0 1 0 1 1 0 0 1 1 1 1 0 1 1 0 0 0 0 0 0 0 0 1 1 1 1 0 1 0 1 1
 0 0 0 1 0 0 0 0 0 1 1 1 0 1 0 1 0 1 0 0 0 0 1 0 1 0 1 1 0 0 1 0 1 0 1 1 0
 1 0 0 1 1 0 0 0 0 0 1 1 1 0 1 0 1 1 0 1 1 1 0 0 1 0 1 0 0 0 0 1 1 1 0 1 1
 1 1 1 0 1 0 0 0 0 1 1 1 1 1 0 0 0 1 0 0 0 1 1 1 0 0 1 1 1 1 1 1 1 1 1 1 1
 0 0 0 0 0 0 0 1 1 0 0 1 0 0 0 1 0 0 1 0 0 0 0 0 0 0 0 0 0 1 0 0 0 1 1 0 0
 0 1 0 1 1 1 0 1 0 0 0 1 0 1 1]
100 131600 [1 1 0 0 0 1 1 1 0 1 0 1 0 0 0 1 1 1 0 0 0 0 1 0 0 0 0 1 0 1 1 0 0 1 1 0 0
 0 1 1 1 1 1 0 1 0 1 0 0 0 0 0 1 1 0 0 0 1 0 1 1 1 0 1 0 1 0 0 1 0 0 0 0 1
 1 1 1 1 1 1 1 0 1 1 1 1 0 0 0 0 1 1 1 0 1 0 1 0 0 1 1 1 0 0 1 0 1 1 1 0 1
 1 1 0 0 1 0 1 1 1 0 0 1 1 1 0 1 0 0 0 1 0 1 1 0 0 0 0 1 1 0 1 1 0 1 0 0 0
 0 0 1 1 0 1 0 0 1 0 0 0 0 0 1 1 1 1 1 0 1 0 0 1 1 0 1 0 1 1 1 0 1 0 0 0 1
 1 1 1 0 1 0 0 1 0 0 0 0 0 0 0]
100 131907 [0 0 0 1 0 0 0 0 0 0 1 0 1 1 0 1 1 1 1 1 1 0 0 0 1 1 1 1 1 0 1 1 0 0 1 0 0
 0 1 0 1 0 0 0 1 1 1 1 1 1 1 0 0 0 1 0 0 0 1 0 1 0 1 0 0 1 1 1 0 1 0 0 1 1
 1 1 1 0 1 1 0 0 0 0 1 0 0 0 0 1 0 1 0 1 0 0 0 0 0 0 1 1 1 1 1 0 1 1 0 1 1
 0 0 1 1 1 1 0 1 1 0 0 1 0 0 1 1 1 1 0 0 0 1 1 0 0 0 0 1 1 1 0 0 1 1 1 0 1
 1 0 0 0 0 0 0 1 1 0 0 1 0 1 1 0 1 1 1 1 0 1 0 1 1 0 1 0 0 1 0 0 0 1 1 1 0
 0 1 0 0 0 1 1 1 0 1 0 1 1 0 0]
100 131674 [0 1 1 1 1 1 0 1 0 1 1 1 0 1 1 1 0 1 1 1 0 0 1 1 0 0 0 0 0 1 0 0 1 1 0 1 1
 1 0 0 0 0 1 1 0 0 1 1 0 0 0 0 0 0 0 0 1 0 1 0 1 1 1 1 1 1 1 1 0 0 1 0 0 1
 1 0 0 0 1 1 1 1 0 0 0 1 1 1 1 0 0 1 0 0 1 0 0 1 0 1 0 1 0 0 1 0 0 0 0 0 0
 0 1 0 1 0 1 1 0 1 0 1 0 0 0 0 0 1 0 0 1 1 1 1 0 0 0 1 1 0 0 1 1 1 1 1 1 1
 0 0 0 0 1 1 0 1 0 1 0 1 1 1 1 0 1 0 1 1 0 0 1 0 1 0 1 1 0 0 1 0 1 0 0 1 1
 0 1 1 1 1 1 0 1 1 0 0 0 0 1 1]
100 131015 [0 0 0 1 0 1 1 1 0 1 1 1 1 1 1 1 0 0 0 1 1 1 0 0 0 1 1 0 1 0 1 1 1 0 0 1 0
 0 0 1 1 1 1 0 0 1 0 1 0 1 1 0 1 0 1 1 0 0 1 0 0 1 1 1 1 0 0 0 1 1 0 0 1 1
 1 0 1 1 1 1 1 1 1 0 1 1 1 1 0 1 1 0 1 1 0 1 0 0 1 1 0 0 0 1 0 1 0 0 1 1 1
 1 1 1 0 1 1 1 1 1 0 1 1 0 0 0 0 1 1 1 1 1 0 1 1 1 1 0 0 0 0 0 1 1 0 1 0 0
 1 0 1 1 1 1 1 0 1 1 0 0 1 1 0 0 0 0 0 1 1 0 1 0 0 0 1 0 0 1 0 1 0 0 0 1 0
 1 1 1 0 0 0 1 0 1 0 1 0 0 1 1]
100 132038 [0 0 1 1 1 1 1 0 1 1 0 1 0 1 0 0 1 1 0 0 0 0 1 0 0 1 1 0 1 1 1 0 1 1 0 0 1
 0 1 0 0 1 1 0 0 1 1 0 0 0 0 1 1 0 0 0 0 1 0 0 0 1 0 1 0 1 1 0 1 1 0 0 0 1
 1 0 1 1 0 0 1 0 0 1 0 1 1 1 0 0 0 1 0 0 1 0 1 0 0 1 0 1 1 1 0 0 0 1 0 1 0
 1 1 0 0 1 1 1 0 1 0 1 0 0 0 0 0 1 0 1 0 0 1 0 1 0 1 1 0 0 1 1 1 0 1 1 0 0
 1 0 0 1 1 0 1 1 1 1 0 0 1 0 1 0 0 1 0 1 1 1 0 1 1 1 0 0 0 1 1 1 1 1 0 0 1
 1 0 1 1 0 0 1 0 1 1 0 0 1 0 1]
50 212 [1 1 1 0 0]
50 212 [1 1 1 0 1]
50 212 [1 1 1 0 1]
50 212 [1 1 1 0 0]
50 212 [1 1 1 0 0]
50 212 [1 1 1 0 0]
50 212 [1 1 1 0 0]
50 212 [1 1 1 0 1]
50 212 [1 1 1 0 1]
50 212 [1 1 1 0 0]
10 562 [1 0 0 0 1 0 1 0 0 1 0 0 1 1 1 0 1 1 1 0]
10 579 [1 0 1 0 0 0 1 1 0 0 0 1 0 0 0 1 1 1 1 1]
10 522 [0 1 1 0 1 1 0 0 1 0 0 0 1 0 0 1 1 0 1 1]
10 555 [1 0 1 1 1 0 1 0 1 1 1 0 1 0 1 1 0 1 0 1]
10 525 [0 0 1 0 1 0 0 1 1 1 0 0 0 0 0 1 1 0 1 0]
10 416 [1 0 0 0 0 1 0 0 0 1 1 1 1 0 1 0 0 1 0 0]
10 503 [1 1 0 1 1 0 0 0 0 1 1 0 1 0 1 0 0 0 1 1]
10 530 [1 0 1 0 0 0 0 1 1 0 0 1 1 0 1 1 0 0 1 1]
10 468 [1 1 0 1 1 0 1 1 0 0 0 1 0 0 0 1 0 0 0 0]
10 508 [1 1 0 0 1 1 1 1 0 0 0 0 1 0 0 1 0 1 0 1]
300 132366 [0 0 1 1 0 0 0 1 1 0 1 1 0 1 1 1 1 0 0 1 0 0 1 0 1 0 1 0 1 0 0 0 1 1 1 1 0
 1 1 0 1 1 1 1 1 1 0 0 1 1 0 0 0 0 1 0 1 1 0 0 1 1 1 1 0 1 1 1 1 0 1 1 1 1
 1 0 1 0 1 0 1 0 0 1 1 0 1 1 0 1 0 1 1 0 0 0 0 0 1 1 1 1 0 0 0 1 1 0 1 0 0
 0 1 1 1 1 1 0 0 0 0 1 1 1 1 0 1 0 0 0 1 0 0 1 1 1 0 1 1 1 0 1 1 1 1 1 0 1
 0 0 0 1 1 0 1 0 0 1 0 0 1 0 0 0 0 0 1 1 0 0 0 1 0 0 1 1 1 1 1 0 0 1 0 0 1
 1 0 0 1 0 0 0 0 0 1 0 0 0 0 0]
300 131626 [1 1 0 0 1 1 0 1 0 0 0 0 1 1 0 0 1 0 1 1 0 1 0 1 1 1 0 0 0 0 0 0 0 0 1 1 1
 0 0 1 1 1 1 1 0 1 1 0 0 0 1 0 1 0 0 0 1 1 1 1 1 0 0 1 0 0 1 1 1 1 1 0 0 1
 0 0 0 1 0 0 1 1 0 1 0 0 0 0 1 0 0 0 0 1 1 1 1 1 1 1 1 1 0 1 0 0 1 0 1 1 0
 0 0 0 1 0 0 1 1 1 1 1 1 1 0 1 1 1 1 1 1 0 0 0 1 1 1 1 0 0 0 1 1 0 0 1 1 1
 0 1 0 0 0 0 1 1 1 1 0 1 0 0 1 0 0 0 1 0 0 1 1 1 0 1 0 0 0 1 1 0 0 1 0 1 0
 0 1 1 0 0 1 1 1 0 1 0 0 1 1 0]
300 132251 [1 1 0 0 0 1 1 1 0 1 0 0 1 1 0 0 1 0 0 0 0 1 1 0 0 0 0 0 1 1 0 1 0 0 1 0 0
 0 1 0 0 0 1 0 1 0 1 1 1 1 1 0 0 0 0 1 0 0 1 1 1 0 1 1 1 1 0 0 0 1 1 1 1 1
 1 0 0 1 0 0 0 0 0 0 0 1 1 1 1 0 1 1 0 1 1 0 1 0 0 0 1 0 0 0 1 0 0 0 0 0 0
 1 0 0 1 0 0 1 0 0 1 1 0 0 1 0 0 1 0 0 0 1 0 1 0 1 1 1 0 1 1 0 1 1 1 1 0 1
 1 1 1 0 0 0 1 1 1 0 1 1 1 1 1 0 0 0 0 0 1 0 0 1 0 0 1 0 1 1 1 0 0 0 0 1 1
 1 1 1 1 1 0 1 0 1 1 1 1 1 1 1]
300 132083 [1 1 0 1 0 0 0 1 1 0 0 1 1 0 0 0 1 1 0 1 1 0 1 1 1 0 1 0 0 0 0 0 1 0 1 1 1
 1 0 0 1 0 0 0 0 0 1 0 0 0 0 1 0 0 0 1 0 1 1 1 1 1 1 1 0 0 0 1 1 0 0 1 1 1
 1 0 1 1 0 1 0 1 1 1 1 0 1 0 1 1 1 1 0 1 0 0 0 1 0 0 0 1 1 0 0 0 0 1 1 0 1
 0 0 0 1 0 0 1 0 0 1 1 1 0 0 1 1 0 1 1 0 1 0 1 0 1 0 1 1 1 1 0 0 0 0 1 0 1
 1 0 1 1 0 0 1 1 1 1 0 1 0 0 1 1 0 1 1 0 1 1 0 0 1 0 1 1 0 0 0 1 1 0 1 0 1
 1 0 0 0 1 1 0 0 1 1 1 1 0 0 1]
300 132233 [1 0 0 0 0 0 0 1 1 1 1 1 1 1 1 0 0 1 0 1 0 1 0 1 0 0 1 0 0 1 0 1 1 0 1 0 0
 0 1 1 0 0 1 0 0 1 1 1 0 1 0 1 1 0 1 1 0 0 1 0 1 0 1 0 0 0 1 1 0 0 0 1 1 1
 0 0 1 1 0 1 1 1 1 1 1 0 0 1 0 1 0 1 1 0 0 0 1 0 1 0 0 1 1 1 0 1 0 0 0 1 1
 0 1 1 0 1 0 0 1 0 0 1 1 1 0 1 1 1 1 0 1 0 1 1 0 0 1 1 1 1 1 1 1 1 1 0 0 0
 0 0 0 0 0 1 0 0 1 1 1 0 1 1 1 1 0 0 0 1 0 1 0 1 0 1 0 0 1 0 0 0 1 0 0 0 1
 0 0 0 1 0 1 0 1 1 1 0 0 1 0 0]
300 132661 [0 1 1 0 1 0 1 1 0 0 0 0 0 0 0 0 1 1 0 1 0 0 1 1 0 0 1 1 1 1 0 1 0 0 0 1 1
 1 0 0 1 0 1 0 1 1 0 0 1 1 0 1 0 0 0 0 0 0 1 1 1 1 1 1 0 0 1 1 1 1 0 0 0 0
 1 0 1 0 1 1 0 1 1 1 0 0 1 1 1 0 0 1 0 0 0 0 1 1 1 0 0 0 1 0 0 0 0 0 0 0 1
 0 1 0 0 0 0 0 1 0 1 0 1 1 1 1 1 1 0 1 0 1 1 1 1 0 1 1 1 0 1 1 0 1 1 0 1 1
 1 0 1 1 1 0 1 1 1 0 1 1 1 0 0 1 1 0 0 0 0 0 1 0 1 1 0 1 0 1 0 0 0 0 0 1 1
 1 0 1 1 0 0 1 1 1 0 0 0 0 0 1]
300 131828 [0 0 1 1 1 0 1 1 1 1 1 1 0 0 1 1 1 0 0 1 1 0 1 0 0 0 1 0 0 1 1 1 0 1 0 1 1
 1 0 0 0 1 0 1 0 0 0 0 1 0 1 0 0 0 1 1 0 0 0 1 1 1 0 1 0 0 0 1 1 1 0 0 1 1
 0 1 1 1 1 1 1 1 0 1 1 1 0 0 1 1 0 1 1 1 0 1 1 1 0 0 0 0 1 0 1 0 0 1 1 0 0
 0 0 0 1 1 1 0 0 1 0 1 1 0 1 1 0 0 1 1 1 1 1 0 1 0 1 1 1 0 0 1 1 0 0 1 1 0
 1 1 0 1 0 1 0 0 1 1 0 0 0 1 1 0 0 0 1 1 1 0 0 1 1 0 1 0 1 0 1 0 0 1 0 0 0
 0 0 0 1 0 1 0 0 1 0 1 1 1 0 1]
300 132151 [0 1 0 1 1 1 0 0 1 1 1 1 1 0 1 0 1 1 1 1 0 1 0 1 1 0 0 1 0 1 0 1 1 0 0 1 0
 1 1 1 1 0 0 1 0 1 1 1 1 1 1 0 0 0 1 0 1 0 0 1 0 0 0 1 1 1 1 1 0 0 1 1 1 1
 1 1 0 1 1 0 0 1 0 1 0 0 0 0 0 1 1 1 1 1 0 0 0 0 1 1 1 0 0 1 1 0 0 0 0 1 1
 0 0 0 1 0 1 0 0 1 1 0 1 0 1 1 1 1 1 1 1 1 0 1 0 0 1 1 0 0 0 0 1 0 1 0 0 0
 0 1 0 0 1 0 0 1 0 0 1 0 0 1 1 0 1 1 1 0 1 1 1 1 0 0 1 1 1 0 0 0 1 0 1 1 1
 0 1 1 1 0 1 1 1 0 1 0 0 0 0 1]
300 132092 [0 0 1 0 0 1 0 0 0 0 1 0 0 0 1 1 1 0 1 0 1 0 0 1 0 1 0 1 0 1 1 1 1 0 1 1 0
 1 1 0 0 0 1 0 1 1 0 0 1 0 0 1 0 0 0 0 0 0 1 1 0 0 1 1 1 1 1 1 1 0 1 1 1 1
 0 0 1 1 1 0 0 1 1 1 0 0 0 0 0 1 1 1 0 1 1 0 1 1 1 1 0 1 0 1 1 0 0 1 0 1 0
 0 1 0 0 0 0 1 1 0 1 1 1 0 0 0 0 0 1 0 1 0 0 1 1 0 1 0 1 0 1 1 1 1 1 0 1 0
 0 0 1 0 1 1 0 1 0 1 0 0 1 0 1 1 1 1 0 1 0 0 0 0 0 0 0 0 0 1 0 0 1 1 1 1 0
 0 0 1 1 1 1 1 0 1 0 1 1 0 0 1]
300 132900 [0 1 1 0 0 1 0 1 0 1 0 1 1 1 1 1 1 0 0 0 0 1 1 1 1 1 1 1 0 1 0 0 1 1 1 1 0
 0 0 0 0 0 1 1 1 1 1 1 1 0 0 0 1 1 0 1 0 1 1 0 0 0 0 1 0 1 1 0 0 0 0 1 1 1
 0 0 1 0 1 1 1 1 1 0 0 1 1 0 0 1 1 0 1 0 0 1 0 0 1 0 1 0 1 1 0 0 1 0 1 1 0
 0 0 1 0 1 1 1 1 0 1 1 1 0 0 1 1 0 0 1 1 0 1 1 0 0 0 1 1 0 0 0 0 1 0 0 0 1
 0 1 0 0 1 1 1 1 1 0 1 1 0 1 1 1 1 0 0 0 0 0 1 0 1 1 1 1 1 1 0 0 0 0 1 1 1
 1 0 0 0 0 1 1 1 0 0 1 1 0 1 1]
500 132832 [0 0 0 0 1 0 0 1 1 1 1 0 1 0 1 1 1 0 1 0 1 0 0 0 0 1 0 0 0 1 1 0 0 0 1 1 0
 0 1 1 0 0 0 1 1 1 1 0 0 0 0 1 0 1 1 1 1 0 1 1 1 1 1 0 1 1 0 0 0 1 1 0 0 0
 0 0 0 1 0 1 1 1 1 1 1 0 1 1 1 0 0 0 1 0 0 0 1 1 1 1 0 1 0 1 0 0 1 1 0 0 1
 0 0 0 0 0 1 0 0 1 1 0 1 0 0 0 1 0 1 1 1 1 0 1 0 1 1 1 0 0 0 1 1 1 1 1 1 0
 1 1 1 1 0 0 0 1 1 1 1 1 0 0 1 0 0 0 1 1 0 1 1 0 0 0 0 1 1 1 1 1 0 0 1 1 0
 1 0 0 0 0 0 1 0 1 0 1 0 1 1 1]
500 132251 [1 1 0 0 0 0 1 1 1 1 0 1 0 1 1 0 0 1 1 0 0 0 0 1 1 0 0 1 0 0 1 1 0 0 1 1 1
 0 1 1 0 1 1 0 1 1 1 0 0 1 0 1 1 0 0 0 1 1 1 0 1 1 0 0 0 0 1 1 0 0 0 0 0 0
 1 1 0 0 1 1 0 0 0 0 0 1 0 1 1 0 0 1 1 1 0 0 1 0 1 0 1 0 1 1 0 1 0 0 0 0 1
 1 1 0 1 0 1 0 1 0 0 0 0 0 1 0 1 0 0 0 0 1 0 0 0 0 1 0 1 0 1 0 0 1 0 0 1 1
 1 1 0 0 0 0 1 0 0 1 1 1 1 1 1 0 1 1 0 1 0 0 1 1 0 0 1 1 1 1 0 1 1 0 1 1 0
 1 0 0 1 1 0 0 0 0 0 1 1 1 1 1]
500 132070 [1 0 0 0 1 0 1 0 0 0 1 0 1 0 1 1 0 0 1 1 0 1 0 0 1 1 0 1 0 1 1 0 1 0 0 0 1
 1 1 1 0 1 0 1 1 0 1 1 0 1 0 1 1 1 1 0 0 0 0 0 1 0 1 1 0 1 1 1 0 0 0 0 0 1
 0 0 0 1 1 1 1 0 1 0 1 1 1 1 1 1 1 0 1 0 0 1 1 0 0 1 0 1 1 0 0 0 1 0 1 0 1
 1 1 0 0 1 0 1 0 1 0 0 0 0 1 1 1 1 1 0 0 1 0 0 0 1 1 0 1 0 1 0 1 1 1 0 0 0
 1 0 1 1 0 1 0 0 1 0 1 1 1 0 1 0 1 0 0 1 0 0 1 0 1 1 1 0 0 0 0 1 1 0 1 1 1
 0 0 1 1 1 0 1 0 0 0 1 0 0 1 1]
500 132018 [0 1 1 1 1 1 1 1 0 1 1 1 0 0 1 1 0 1 0 1 0 1 1 0 0 1 0 0 0 0 0 0 1 1 0 0 1
 0 0 1 0 1 0 1 0 0 1 0 1 1 1 0 1 1 0 0 0 1 1 0 1 1 0 0 0 1 0 0 0 0 1 1 1 1
 0 1 1 1 1 1 0 1 1 0 1 0 0 0 0 1 0 0 1 1 1 0 0 1 0 1 1 1 0 1 1 1 1 0 0 0 0
 1 1 1 1 0 1 0 0 0 0 0 0 0 0 0 1 0 0 1 0 0 1 0 0 0 0 0 1 1 1 1 0 1 1 1 1 0
 0 1 0 1 1 0 1 1 0 1 0 0 1 0 1 0 0 1 0 0 0 0 1 1 1 1 1 1 1 0 0 1 0 0 0 1 1
 0 0 1 1 0 0 0 0 1 1 1 1 0 0 0]
500 132085 [0 1 1 1 0 0 1 0 0 1 1 0 1 1 0 1 0 0 0 0 0 1 0 1 1 1 0 1 0 0 1 1 0 0 0 0 0
 1 1 0 0 1 1 0 1 0 1 1 0 0 0 1 1 0 1 0 0 1 1 0 0 0 1 1 0 1 1 1 0 0 1 0 1 0
 1 1 1 0 1 0 0 1 0 0 0 0 0 1 0 0 0 1 1 1 1 0 0 1 1 1 0 1 1 0 0 0 0 0 1 1 1
 0 0 0 0 1 1 1 1 1 1 1 0 0 0 1 1 0 1 1 0 0 1 1 1 1 0 1 0 1 1 0 0 0 1 1 1 0
 1 0 0 0 1 0 0 1 1 0 1 0 1 1 1 0 0 1 0 1 0 1 1 1 1 0 0 1 1 1 0 0 0 0 0 0 0
 0 1 0 0 1 0 1 1 0 1 1 1 0 0 0]
500 132264 [0 1 1 0 0 1 0 1 0 0 0 0 1 1 0 1 1 1 0 0 0 0 0 0 0 0 0 1 0 0 0 0 0 0 1 0 1
 1 1 0 1 1 0 0 0 1 1 1 0 0 1 0 1 0 1 1 1 1 0 0 1 1 1 1 0 1 1 1 1 1 0 1 1 1
 1 1 0 0 1 0 1 1 1 0 0 1 1 1 1 0 0 1 1 0 0 0 0 1 0 0 0 1 0 0 0 1 0 1 0 1 0
 0 1 0 0 0 1 0 0 0 1 1 1 1 1 0 1 1 1 0 0 1 0 1 1 0 0 1 0 0 0 1 1 1 1 1 1 1
 0 0 0 0 1 1 0 1 1 0 0 0 1 1 0 0 0 1 0 0 0 1 1 0 1 0 1 1 1 1 1 0 1 1 1 0 0
 0 0 0 1 0 0 1 1 0 1 1 0 1 0 1]
500 133016 [0 0 0 1 1 0 0 0 1 1 0 0 1 1 1 1 0 0 1 0 0 1 0 1 1 0 1 0 1 1 1 1 1 0 0 1 0
 0 0 1 0 1 1 1 1 1 0 1 0 1 1 0 1 0 1 1 0 0 1 1 1 1 1 0 0 1 1 1 1 0 1 0 1 1
 0 1 1 1 0 1 0 1 1 0 1 0 1 1 1 0 1 0 1 0 1 0 0 1 1 0 0 0 0 1 0 0 0 0 1 1 1
 0 1 1 0 0 0 1 0 1 0 1 1 1 0 0 1 1 1 1 0 1 1 1 1 0 1 0 1 1 1 1 1 0 1 1 0 1
 1 0 1 0 0 0 1 1 1 0 0 0 1 1 0 1 1 0 0 1 0 1 1 1 0 1 0 0 0 1 0 0 0 0 1 0 0
 1 0 1 1 1 0 0 0 1 1 0 0 1 1 1]
500 132186 [0 1 0 0 0 0 0 0 1 1 1 1 0 1 1 0 1 1 1 1 0 0 1 0 1 1 0 0 0 1 1 1 1 1 1 0 1
 0 0 0 0 0 0 0 1 1 1 1 1 1 1 1 0 0 1 1 0 0 0 0 1 1 0 0 0 0 0 0 1 0 0 1 0 1
 1 1 0 0 0 1 0 1 1 0 0 1 1 0 0 1 0 0 0 0 1 1 0 0 0 1 1 1 0 1 1 1 1 0 1 1 0
 0 0 1 0 1 1 0 0 0 0 0 0 1 1 0 0 0 1 0 0 0 0 0 0 1 0 1 1 1 0 1 0 1 1 1 1 1
 1 1 0 1 1 1 1 0 0 0 0 1 1 0 0 0 0 1 0 1 0 0 1 1 0 0 1 1 1 1 0 0 0 1 1 1 1
 0 1 1 0 0 1 1 0 1 1 0 1 1 0 1]
500 132369 [0 1 1 0 1 0 1 1 0 0 0 0 1 0 0 0 0 0 0 0 0 1 0 0 1 1 0 1 1 1 0 1 1 0 1 0 0
 1 0 1 0 1 1 1 1 1 0 1 0 0 1 1 0 0 1 0 0 1 1 0 1 0 0 0 0 1 1 0 0 1 1 1 1 1
 0 0 0 1 1 1 1 1 1 0 0 0 1 0 1 0 1 0 0 1 0 0 0 1 0 0 0 0 0 1 0 1 0 0 1 1 1
 1 1 1 0 0 0 0 1 1 1 1 0 1 1 1 0 1 0 1 0 0 1 0 1 1 1 1 0 1 0 0 0 1 1 0 0 1
 1 0 1 1 0 1 1 0 1 0 1 0 1 0 0 1 1 1 1 0 1 0 0 0 0 0 0 1 1 1 1 1 1 1 1 1 1
 0 0 0 1 1 1 0 0 0 0 1 0 1 0 1]
500 132797 [1 0 0 0 1 1 0 0 0 0 0 0 1 1 1 1 1 0 1 1 1 1 0 0 1 0 0 0 1 0 0 0 1 0 0 0 0
 1 1 1 0 0 0 0 1 1 1 1 1 0 1 1 0 0 1 0 1 1 1 1 0 0 0 0 0 1 0 1 0 0 0 0 0 1
 0 0 0 0 1 1 1 1 0 1 0 1 0 0 1 1 0 1 1 0 1 0 1 1 1 0 0 1 1 1 0 1 0 1 0 1 1
 0 0 0 0 1 1 0 1 1 1 1 0 0 0 0 0 1 0 1 1 1 0 0 1 0 1 1 1 0 0 1 1 1 1 1 0 1
 1 1 0 0 0 1 0 0 1 1 1 1 1 1 0 1 0 0 1 1 0 0 1 1 0 1 0 0 1 0 0 1 1 1 0 0 1
 1 0 1 1 1 1 0 0 1 0 0 1 1 0 0]
300 614 [1 0 0 1 1 0 0 0 0 1 0 1 0 0 0 1 1 1 1 1]
300 638 [1 1 0 1 1 0 1 0 0 1 0 1 0 0 0 1 0 1 1 1]
300 628 [1 0 1 0 1 1 0 0 0 0 0 1 0 0 0 1 1 1 1 1]
300 616 [1 1 1 0 1 0 0 0 1 1 1 1 1 0 1 1 0 0 0 0]
300 645 [1 1 0 0 1 0 1 0 0 1 0 1 0 1 1 1 0 0 1 1]
300 621 [1 0 1 0 1 0 0 0 1 1 0 1 0 0 1 0 1 1 1 0]
300 693 [1 0 1 0 1 1 0 0 1 1 0 1 0 0 1 1 0 1 1 0]
300 652 [1 1 0 0 1 0 0 1 0 1 0 1 0 0 1 1 0 0 1 1]
300 636 [1 0 1 0 1 1 0 0 1 0 0 1 0 0 0 1 1 1 1 1]
300 633 [1 0 1 0 1 0 1 0 0 0 0 1 1 0 0 1 1 1 1 0]
10 130459 [0 0 0 0 1 0 1 0 0 0 0 1 1 1 0 1 1 0 1 0 1 1 1 0 0 1 0 1 0 0 1 0 1 1 0 0 1
 1 0 0 0 0 0 0 1 0 1 0 0 0 0 1 1 1 1 1 1 0 0 0 0 0 0 1 0 0 1 0 0 1 1 1 0 1
 1 0 1 1 0 0 0 1 0 1 1 0 1 1 1 0 1 0 0 0 0 1 0 0 0 1 1 1 0 1 0 0 1 1 1 0 1
 1 1 1 0 1 1 1 0 1 1 1 0 1 0 0 0 0 1 0 1 0 0 0 1 1 1 1 0 0 0 1 0 0 1 1 1 0
 0 0 0 0 0 1 1 0 1 1 0 1 0 1 1 0 0 1 1 1 0 0 1 0 0 1 0 0 0 0 1 1 1 0 0 0 1
 0 0 1 1 1 1 0 0 0 0 1 0 0 1 1]
10 127684 [1 1 1 0 1 0 1 1 0 0 1 0 1 0 0 0 1 0 1 1 0 0 1 0 1 1 1 1 1 0 0 1 1 0 0 0 0
 0 0 1 0 1 0 0 0 0 1 0 1 1 0 1 1 1 1 1 0 1 0 1 1 1 0 0 0 1 0 0 1 0 0 0 0 1
 1 1 0 1 0 0 0 1 1 0 0 0 0 1 0 1 1 0 0 1 1 1 0 0 1 0 1 0 1 0 1 0 1 0 0 0 0
 0 1 0 1 0 0 1 0 0 0 0 1 0 0 1 0 1 0 0 1 1 1 0 1 0 0 0 1 0 1 1 0 1 0 1 1 0
 0 0 1 1 0 0 1 1 0 0 1 1 1 1 1 0 1 0 0 1 0 0 1 1 0 1 1 1 1 0 1 0 1 0 1 0 1
 1 1 1 1 0 0 0 0 1 0 0 1 1 0 1]
10 130255 [1 0 0 1 0 1 0 1 1 1 0 0 0 0 0 0 0 1 1 1 0 0 1 0 0 1 1 0 1 1 1 1 0 1 1 1 1
 0 1 1 0 0 0 1 1 0 1 1 1 0 0 1 1 0 1 1 0 1 0 1 1 1 0 1 0 0 1 0 0 1 1 0 1 0
 1 0 0 1 0 1 1 0 1 1 1 0 0 1 0 1 1 1 1 0 1 0 1 0 0 1 1 0 1 1 0 0 1 0 1 0 0
 0 0 1 0 1 0 1 1 1 1 0 1 0 0 0 0 0 0 1 0 0 1 0 1 0 0 1 0 1 0 1 0 1 0 1 1 0
 1 0 1 0 1 1 0 0 1 1 1 1 1 1 1 1 0 0 0 0 0 0 0 1 0 0 1 1 1 0 0 0 0 0 1 1 0
 1 1 0 0 1 0 1 0 0 1 0 0 1 1 0]
10 129630 [0 1 1 0 1 0 1 1 1 0 0 0 1 0 1 0 1 0 0 1 0 0 1 1 1 0 0 1 0 0 1 1 0 1 0 1 1
 0 1 0 1 0 1 1 0 0 0 1 0 0 1 1 1 0 0 0 0 0 0 1 1 1 0 0 1 0 1 0 1 1 0 1 0 1
 0 1 1 0 0 0 0 0 1 0 1 1 0 1 1 1 0 1 1 0 0 0 0 0 0 1 1 0 1 0 1 1 1 1 0 1 0
 0 0 0 1 0 1 1 0 0 1 0 0 0 0 1 1 0 1 0 0 1 0 0 0 1 1 0 1 0 0 1 0 1 1 1 1 0
 1 0 1 1 0 0 0 0 0 1 1 0 0 1 0 1 1 1 0 0 1 0 1 1 1 0 1 1 0 0 0 0 0 1 0 0 1
 1 1 0 1 0 1 1 0 1 1 0 0 1 0 0]
10 130019 [0 0 1 1 1 0 0 1 0 1 0 1 0 0 0 0 0 0 0 0 0 1 0 1 1 1 1 0 0 1 0 1 0 1 0 0 1
 1 0 1 0 0 1 0 1 0 1 0 1 1 1 1 0 0 0 0 0 0 1 0 0 1 0 1 0 1 1 0 1 1 0 0 0 1
 0 0 0 0 1 0 1 0 0 0 0 1 0 0 1 1 1 0 1 1 1 0 1 1 0 0 1 1 1 0 0 0 0 1 1 1 1
 0 0 1 0 0 1 1 0 0 0 1 1 1 1 0 0 0 1 0 1 1 0 1 0 1 0 0 0 1 0 1 0 0 1 1 1 1
 1 1 1 1 1 0 1 1 0 1 1 1 0 1 1 0 0 0 0 1 0 1 0 1 1 1 0 0 0 0 1 0 1 1 0 0 0
 0 1 1 1 1 0 0 0 0 1 1 0 0 0 0]
10 131220 [1 1 1 0 0 1 1 1 1 0 1 0 0 1 0 1 1 1 0 0 0 1 0 0 0 1 0 1 1 0 0 0 0 1 0 1 1
 1 0 1 1 1 0 1 1 0 1 0 0 0 1 0 1 1 1 0 0 0 1 1 0 0 1 1 0 1 1 1 1 0 0 0 0 1
 0 1 1 1 0 1 0 1 1 0 1 1 1 0 0 1 1 0 0 1 1 0 1 0 0 0 1 0 1 1 0 1 1 0 0 0 0
 1 0 0 0 1 0 1 0 0 1 1 0 0 0 0 1 0 1 1 0 1 0 0 1 1 0 1 1 0 0 1 1 0 0 0 0 1
 0 1 0 0 1 0 1 0 1 0 1 1 0 0 1 1 0 0 1 0 0 1 1 1 0 0 0 0 0 0 1 0 1 1 1 1 0
 1 1 0 1 1 1 1 1 0 1 1 1 0 0 1]
10 130803 [0 0 1 1 1 0 1 1 1 1 0 0 1 0 1 0 0 1 1 1 1 0 0 0 0 1 0 0 0 1 1 0 1 0 0 0 0
 0 1 1 1 0 0 0 0 0 1 1 1 0 0 0 1 0 1 0 1 1 1 1 0 1 1 1 1 0 1 1 1 0 1 1 1 0
 0 1 0 0 0 1 1 0 1 0 0 1 1 1 0 0 0 0 0 0 1 1 0 1 0 0 0 1 0 0 1 1 1 1 1 1 0
 1 0 0 0 1 1 1 0 0 1 1 1 1 1 1 0 0 1 1 0 1 0 0 1 0 1 1 0 1 0 1 1 1 0 0 1 0
 0 0 1 0 0 0 0 0 0 0 1 1 0 1 1 0 0 1 0 1 1 1 1 1 1 1 0 0 1 1 1 0 0 1 0 0 1
 0 1 1 0 0 1 0 1 0 0 0 0 0 0 1]
10 131017 [1 1 1 1 1 1 0 0 0 0 0 0 0 1 0 1 0 0 1 1 0 1 1 1 1 0 1 0 1 1 1 1 1 0 0 1 0
 1 1 0 1 1 1 0 1 1 1 0 0 1 0 0 0 1 0 0 1 0 0 0 1 0 1 1 0 0 0 1 0 0 1 1 0 1
 1 0 1 1 0 1 1 0 1 0 1 0 0 0 0 1 1 0 0 1 1 1 0 0 0 0 1 1 1 1 0 0 0 1 1 0 1
 1 1 1 1 0 0 1 1 0 0 1 1 0 0 0 1 0 1 0 0 0 1 0 0 1 1 0 1 1 0 0 1 0 1 1 0 1
 1 0 0 0 0 1 1 0 1 0 0 0 1 0 0 0 0 0 0 1 0 0 0 0 1 1 1 0 1 0 0 1 1 0 0 1 0
 0 0 1 0 1 1 1 0 1 1 1 1 0 1 1]
10 131457 [0 0 0 1 0 0 0 1 1 0 0 0 0 0 0 0 1 1 0 0 1 1 0 0 0 0 1 1 1 0 1 0 1 1 1 1 1
 0 0 1 1 1 1 0 0 0 0 1 0 1 1 1 1 1 0 0 1 1 1 1 1 1 1 1 0 1 1 0 0 1 1 0 1 0
 1 0 1 0 0 1 1 1 1 1 0 1 0 1 1 0 1 1 0 1 0 1 1 0 1 1 0 0 0 0 0 1 0 0 0 0 1
 0 1 0 1 0 0 1 0 0 0 1 1 1 0 1 1 0 1 0 0 1 1 0 1 1 1 1 1 0 1 0 1 1 1 1 0 0
 0 0 0 0 0 0 0 0 1 0 0 0 1 0 0 1 1 1 1 0 1 0 0 1 1 1 1 0 0 1 1 1 1 1 0 1 0
 0 1 1 1 0 1 0 1 0 0 0 0 0 1 0]
10 131153 [0 1 1 0 0 1 1 0 1 0 1 1 1 1 1 1 1 0 1 0 0 0 0 1 0 0 1 1 1 1 0 0 0 0 0 0 1
 0 0 0 0 1 1 1 1 1 0 0 0 0 0 0 1 1 0 1 0 1 0 0 1 1 1 0 1 1 1 1 1 0 1 1 1 1
 1 1 1 0 0 1 0 0 1 1 1 1 1 0 1 1 1 0 1 0 0 0 1 0 0 0 0 1 0 1 0 0 0 0 1 1 0
 1 0 1 0 1 0 1 1 1 0 1 1 0 1 1 0 0 1 0 1 1 1 0 1 1 0 1 1 0 1 0 1 1 1 1 1 1
 0 0 1 0 0 1 0 1 0 1 0 1 0 0 0 1 0 0 1 0 0 0 0 1 1 0 1 0 1 0 0 0 1 1 1 0 0
 0 1 0 1 0 1 0 1 1 1 0 1 0 1 0]
10 161 [1 0 1 1 1]
10 212 [1 1 1 0 1]
10 160 [1 1 0 1 1]
10 152 [1 0 1 0 1]
10 212 [1 1 1 0 1]
10 212 [1 1 1 0 0]
10 212 [1 1 1 0 1]
10 212 [1 1 1 0 0]
10 212 [1 1 1 0 0]
10 212 [1 1 1 0 1]
