10 465 136.5 {6.783240079879761}
50 413 131.3 {11.118412494659424}
100 409 130.9 {14.098872423171997}
300 589 148.9 {28.26946783065796}
500 373 127.3 {44.79583549499512}
700 528 142.8 {58.565067529678345}
1000 490 139.0 {79.68489146232605}
10 279 117.9 {6.50994610786438}
10 120734 15777.8 {1571.2594685554504}
100 121891 15893.5 {1494.7514536380768}
500 550 145.0 {41.8538703918457}
500 443 134.3 {42.73502540588379}
500 419 131.9 {43.6500198841095}
500 624 152.4 {41.78300356864929}
300 125980 16302.4 {1856.9951226711273}
500 130401 16744.5 {2701.398113012314}
10 121 94.0 {6.91921854019165}
