
10 651 539.4 {4.880072593688965}
50 636 587.3 {11.602538347244263}
100 652 608.1 {6.275818347930908}
200 669 630.9 {7.486289739608765}
400 718 651.2 {10.48785662651062}
500 669 636.2 {12.529924869537354}
700 686 644.3 {18.71167802810669}
800 678 651.3 {18.559685468673706}
1000 680 658.0 {19.393748998641968}
10 131670 129745.3 {7.219818353652954}
50 132149 131600.3 {8.918154954910278}
100 132182 131613.7 {12.957956314086914}

300 132900 132219.1 {31.73903775215149}
500 133016 132388.8 {49.07127618789673}
300 693 637.6 {9.95020842552185}
10 131457 130369.7 {6.517244577407837}
10 212 195.7 {6.421071767807007}
